Parameters:
num_ants = 20
num_iterations = 125
alpha = 0.9
beta = 1.3
rho = 0.15
Q = 25

Execution 1:
Best Solution: [0, 6, 4, 12, 3, 17, 15, 10, 8, 13, 19, 1, 2, 7, 11, 5, 16, 18, 14, 9]
Cost: 2922
Execution Time: 1.4223902225494385 seconds

Results per Iteration:
Iteration, Best Cost, Prizes Collected, Penalties, Average Colony Cost, Worst Solution Cost
1, 4373, 1157, 0.0, 6611.55, 8511
2, 4373, 1157, 0.0, 6674.3, 9320
3, 4373, 1157, 0.0, 6938.15, 9110
4, 4373, 1157, 0.0, 6389.45, 7552
5, 4084, 1157, 0.0, 6590.2, 8255
6, 4084, 1157, 0.0, 6859.55, 8992
7, 4084, 1157, 0.0, 6260.95, 8297
8, 4084, 1157, 0.0, 6546.55, 9180
9, 4084, 1157, 0.0, 6715.2, 8816
10, 4084, 1157, 0.0, 6184.5, 7232
11, 4084, 1157, 0.0, 6616.75, 9206
12, 4084, 1157, 0.0, 6339.25, 9886
13, 4084, 1157, 0.0, 6850.1, 9192
14, 4084, 1157, 0.0, 6493.55, 8407
15, 4084, 1157, 0.0, 6221.45, 8253
16, 3997, 1157, 0.0, 6017.9, 7510
17, 3997, 1157, 0.0, 5767.85, 7085
18, 3997, 1157, 0.0, 6154.6, 8353
19, 3997, 1157, 0.0, 5841.3, 6804
20, 3783, 1157, 0.0, 5415.0, 6846
21, 3783, 1157, 0.0, 5734.5, 9004
22, 3783, 1157, 0.0, 5226.1, 6809
23, 3783, 1157, 0.0, 5343.85, 6637
24, 3783, 1157, 0.0, 5266.25, 6785
25, 3576, 1157, 0.0, 5036.35, 7002
26, 3576, 1157, 0.0, 5167.15, 6039
27, 3576, 1157, 0.0, 5041.85, 6546
28, 3576, 1157, 0.0, 5170.45, 7356
29, 3576, 1157, 0.0, 4845.0, 5870
30, 3576, 1157, 0.0, 5272.8, 6516
31, 3213, 1157, 0.0, 4844.35, 7011
32, 3213, 1157, 0.0, 5012.4, 5717
33, 3213, 1157, 0.0, 4727.45, 5883
34, 3213, 1157, 0.0, 4907.15, 6153
35, 3213, 1157, 0.0, 4919.8, 6698
36, 3213, 1157, 0.0, 5177.4, 6477
37, 3144, 1157, 0.0, 4927.35, 6616
38, 3144, 1157, 0.0, 4659.25, 5824
39, 3144, 1157, 0.0, 4694.1, 5739
40, 3144, 1157, 0.0, 4444.3, 5164
41, 3097, 1157, 0.0, 4579.15, 5805
42, 3097, 1157, 0.0, 4479.35, 5594
43, 3097, 1157, 0.0, 4500.75, 5921
44, 3097, 1157, 0.0, 4423.75, 5058
45, 3097, 1157, 0.0, 4477.65, 5540
46, 3097, 1157, 0.0, 4413.35, 5238
47, 3097, 1157, 0.0, 4600.9, 5872
48, 3097, 1157, 0.0, 4543.6, 6859
49, 3091, 1157, 0.0, 4265.25, 5394
50, 3091, 1157, 0.0, 4497.4, 5579
51, 3091, 1157, 0.0, 4468.0, 5770
52, 3091, 1157, 0.0, 4435.6, 5418
53, 3091, 1157, 0.0, 4280.05, 6195
54, 3091, 1157, 0.0, 4353.15, 5675
55, 3012, 1157, 0.0, 4213.4, 5085
56, 3012, 1157, 0.0, 4562.55, 6519
57, 3012, 1157, 0.0, 4571.1, 6319
58, 3012, 1157, 0.0, 4264.7, 5691
59, 3012, 1157, 0.0, 4348.8, 5246
60, 3012, 1157, 0.0, 4463.05, 5248
61, 3012, 1157, 0.0, 4488.75, 6030
62, 3012, 1157, 0.0, 4242.65, 5356
63, 3012, 1157, 0.0, 4456.25, 6057
64, 2966, 1157, 0.0, 4311.1, 5554
65, 2966, 1157, 0.0, 4277.45, 5590
66, 2966, 1157, 0.0, 4158.65, 5232
67, 2966, 1157, 0.0, 4361.75, 5795
68, 2966, 1157, 0.0, 4145.05, 5420
69, 2966, 1157, 0.0, 4171.85, 5198
70, 2966, 1157, 0.0, 4378.35, 5733
71, 2966, 1157, 0.0, 4274.0, 5733
72, 2966, 1157, 0.0, 4306.7, 5382
73, 2966, 1157, 0.0, 4344.75, 5635
74, 2966, 1157, 0.0, 4147.45, 5223
75, 2966, 1157, 0.0, 4382.95, 5623
76, 2966, 1157, 0.0, 4102.65, 5501
77, 2966, 1157, 0.0, 4110.6, 5352
78, 2966, 1157, 0.0, 4187.2, 5526
79, 2966, 1157, 0.0, 4334.35, 5356
80, 2966, 1157, 0.0, 4286.3, 5115
81, 2966, 1157, 0.0, 4082.65, 5407
82, 2966, 1157, 0.0, 4024.55, 5183
83, 2966, 1157, 0.0, 4257.75, 5584
84, 2966, 1157, 0.0, 4145.55, 5282
85, 2966, 1157, 0.0, 4024.8, 5440
86, 2966, 1157, 0.0, 4021.7, 5314
87, 2966, 1157, 0.0, 3772.2, 4790
88, 2966, 1157, 0.0, 4057.95, 5458
89, 2966, 1157, 0.0, 4232.0, 5255
90, 2966, 1157, 0.0, 3947.3, 5106
91, 2966, 1157, 0.0, 4052.4, 4862
92, 2966, 1157, 0.0, 4052.95, 5355
93, 2966, 1157, 0.0, 3986.2, 4878
94, 2966, 1157, 0.0, 4177.45, 5439
95, 2966, 1157, 0.0, 3882.6, 5196
96, 2966, 1157, 0.0, 3917.4, 5304
97, 2966, 1157, 0.0, 4108.25, 5543
98, 2966, 1157, 0.0, 4077.5, 5231
99, 2966, 1157, 0.0, 3928.85, 5211
100, 2966, 1157, 0.0, 4058.9, 5050
101, 2966, 1157, 0.0, 4065.8, 4837
102, 2966, 1157, 0.0, 3916.5, 5520
103, 2966, 1157, 0.0, 3858.55, 4908
104, 2966, 1157, 0.0, 3948.15, 5729
105, 2922, 1157, 0.0, 4230.65, 6089
106, 2922, 1157, 0.0, 3961.25, 5257
107, 2922, 1157, 0.0, 4177.1, 5921
108, 2922, 1157, 0.0, 4244.55, 5219
109, 2922, 1157, 0.0, 3974.1, 5192
110, 2922, 1157, 0.0, 4051.4, 5806
111, 2922, 1157, 0.0, 4138.75, 5609
112, 2922, 1157, 0.0, 4135.75, 5075
113, 2922, 1157, 0.0, 4131.05, 5263
114, 2922, 1157, 0.0, 4172.7, 4919
115, 2922, 1157, 0.0, 4246.9, 5438
116, 2922, 1157, 0.0, 4101.0, 5184
117, 2922, 1157, 0.0, 4263.9, 5335
118, 2922, 1157, 0.0, 4202.2, 5028
119, 2922, 1157, 0.0, 4102.75, 5532
120, 2922, 1157, 0.0, 4118.55, 5234
121, 2922, 1157, 0.0, 4259.35, 5477
122, 2922, 1157, 0.0, 4173.1, 5419
123, 2922, 1157, 0.0, 4136.2, 5092
124, 2922, 1157, 0.0, 3977.75, 5690
125, 2922, 1157, 0.0, 4287.85, 5877

Execution 2:
Best Solution: [0, 6, 4, 12, 3, 16, 18, 14, 15, 10, 7, 8, 13, 19, 1, 2, 17, 11, 5, 9]
Cost: 2860
Execution Time: 1.420990228652954 seconds

Results per Iteration:
Iteration, Best Cost, Prizes Collected, Penalties, Average Colony Cost, Worst Solution Cost
1, 5283, 1157, 0.0, 6924.1, 8233
2, 5263, 1157, 0.0, 6950.95, 9779
3, 5263, 1157, 0.0, 6870.75, 7909
4, 5067, 1157, 0.0, 6886.9, 9011
5, 4775, 1157, 0.0, 6364.55, 7520
6, 4775, 1157, 0.0, 6648.85, 8626
7, 4775, 1157, 0.0, 6751.05, 8788
8, 4771, 1157, 0.0, 6696.4, 9227
9, 4771, 1157, 0.0, 6766.9, 8138
10, 4771, 1157, 0.0, 6804.15, 8392
11, 4771, 1157, 0.0, 6443.55, 8254
12, 4771, 1157, 0.0, 6839.6, 9350
13, 4771, 1157, 0.0, 6947.75, 9018
14, 4160, 1157, 0.0, 6269.75, 9432
15, 4160, 1157, 0.0, 6346.9, 8416
16, 4160, 1157, 0.0, 6030.55, 7924
17, 4160, 1157, 0.0, 6148.65, 7626
18, 4076, 1157, 0.0, 5717.65, 7903
19, 4076, 1157, 0.0, 5591.9, 6929
20, 4076, 1157, 0.0, 5982.25, 7140
21, 4076, 1157, 0.0, 5880.85, 8975
22, 3869, 1157, 0.0, 5413.4, 6643
23, 3869, 1157, 0.0, 5587.2, 6665
24, 3407, 1157, 0.0, 5201.85, 6534
25, 3407, 1157, 0.0, 5368.8, 7138
26, 3407, 1157, 0.0, 5211.4, 6689
27, 3407, 1157, 0.0, 5326.35, 6597
28, 3407, 1157, 0.0, 5102.25, 6921
29, 3407, 1157, 0.0, 4759.0, 6482
30, 3407, 1157, 0.0, 5054.5, 6020
31, 3407, 1157, 0.0, 4856.95, 6224
32, 3342, 1157, 0.0, 4873.9, 5817
33, 3342, 1157, 0.0, 4832.35, 6521
34, 3342, 1157, 0.0, 4636.6, 6800
35, 3342, 1157, 0.0, 4895.35, 6629
36, 3342, 1157, 0.0, 4946.55, 6347
37, 3342, 1157, 0.0, 4734.25, 6296
38, 3342, 1157, 0.0, 4583.0, 5585
39, 3342, 1157, 0.0, 4661.6, 5439
40, 3342, 1157, 0.0, 4693.95, 5898
41, 3342, 1157, 0.0, 4370.85, 5410
42, 3342, 1157, 0.0, 4361.4, 6229
43, 3342, 1157, 0.0, 4762.85, 6794
44, 3342, 1157, 0.0, 4916.35, 6874
45, 3124, 1157, 0.0, 4370.25, 5638
46, 3124, 1157, 0.0, 4439.85, 5988
47, 3124, 1157, 0.0, 4391.65, 5401
48, 3124, 1157, 0.0, 4485.35, 5687
49, 3124, 1157, 0.0, 4541.75, 5831
50, 3124, 1157, 0.0, 4502.2, 5681
51, 3056, 1157, 0.0, 4407.1, 6016
52, 3056, 1157, 0.0, 4262.25, 5367
53, 3056, 1157, 0.0, 4682.35, 5574
54, 3056, 1157, 0.0, 4195.15, 5116
55, 3056, 1157, 0.0, 4144.75, 5328
56, 3056, 1157, 0.0, 4270.1, 6310
57, 3056, 1157, 0.0, 4408.3, 6044
58, 3056, 1157, 0.0, 4156.45, 5530
59, 3056, 1157, 0.0, 4215.0, 5242
60, 3056, 1157, 0.0, 4193.6, 6119
61, 3056, 1157, 0.0, 4072.0, 4954
62, 3056, 1157, 0.0, 4264.15, 5356
63, 2967, 1157, 0.0, 3900.5, 5537
64, 2967, 1157, 0.0, 4203.85, 6067
65, 2967, 1157, 0.0, 4272.75, 5994
66, 2967, 1157, 0.0, 4023.7, 5301
67, 2967, 1157, 0.0, 4033.15, 5294
68, 2967, 1157, 0.0, 4437.65, 5260
69, 2967, 1157, 0.0, 4134.95, 5317
70, 2967, 1157, 0.0, 4043.35, 5426
71, 2967, 1157, 0.0, 4366.55, 5605
72, 2967, 1157, 0.0, 4104.2, 5335
73, 2967, 1157, 0.0, 4159.15, 5218
74, 2967, 1157, 0.0, 4175.4, 5813
75, 2967, 1157, 0.0, 4126.65, 5009
76, 2967, 1157, 0.0, 4090.3, 6073
77, 2967, 1157, 0.0, 4225.65, 6192
78, 2967, 1157, 0.0, 4064.4, 5794
79, 2967, 1157, 0.0, 4031.1, 4949
80, 2966, 1157, 0.0, 3955.6, 5079
81, 2922, 1157, 0.0, 3879.0, 5220
82, 2922, 1157, 0.0, 3875.5, 4828
83, 2922, 1157, 0.0, 4184.85, 5609
84, 2922, 1157, 0.0, 4200.0, 5227
85, 2922, 1157, 0.0, 4178.1, 4972
86, 2922, 1157, 0.0, 3919.85, 4919
87, 2922, 1157, 0.0, 4191.65, 5478
88, 2922, 1157, 0.0, 4074.35, 5117
89, 2922, 1157, 0.0, 4102.65, 5202
90, 2922, 1157, 0.0, 3963.35, 5362
91, 2922, 1157, 0.0, 3823.2, 5071
92, 2922, 1157, 0.0, 3992.6, 4867
93, 2922, 1157, 0.0, 4220.15, 5581
94, 2922, 1157, 0.0, 4007.85, 4909
95, 2922, 1157, 0.0, 4029.45, 5529
96, 2922, 1157, 0.0, 3889.9, 4529
97, 2922, 1157, 0.0, 3922.95, 4844
98, 2922, 1157, 0.0, 3900.9, 5392
99, 2922, 1157, 0.0, 3975.45, 5130
100, 2922, 1157, 0.0, 3724.85, 5762
101, 2922, 1157, 0.0, 3840.9, 4943
102, 2922, 1157, 0.0, 4039.25, 6300
103, 2922, 1157, 0.0, 4048.35, 4699
104, 2922, 1157, 0.0, 3950.4, 5145
105, 2922, 1157, 0.0, 4078.15, 4827
106, 2922, 1157, 0.0, 3692.65, 4876
107, 2922, 1157, 0.0, 3959.85, 5419
108, 2860, 1157, 0.0, 3750.05, 4947
109, 2860, 1157, 0.0, 3905.8, 5529
110, 2860, 1157, 0.0, 4019.55, 5754
111, 2860, 1157, 0.0, 3799.25, 4988
112, 2860, 1157, 0.0, 4140.45, 5209
113, 2860, 1157, 0.0, 4168.55, 5596
114, 2860, 1157, 0.0, 3902.4, 5954
115, 2860, 1157, 0.0, 4178.15, 6168
116, 2860, 1157, 0.0, 4064.15, 5758
117, 2860, 1157, 0.0, 3863.3, 4991
118, 2860, 1157, 0.0, 3983.3, 4952
119, 2860, 1157, 0.0, 3963.7, 4976
120, 2860, 1157, 0.0, 4226.45, 4957
121, 2860, 1157, 0.0, 4000.25, 5271
122, 2860, 1157, 0.0, 4014.55, 5511
123, 2860, 1157, 0.0, 3969.1, 5003
124, 2860, 1157, 0.0, 4184.95, 5729
125, 2860, 1157, 0.0, 3806.5, 5439

Execution 3:
Best Solution: [0, 6, 4, 12, 3, 16, 18, 14, 15, 10, 8, 13, 2, 7, 11, 17, 19, 1, 5, 9]
Cost: 2962
Execution Time: 1.4139094352722168 seconds

Results per Iteration:
Iteration, Best Cost, Prizes Collected, Penalties, Average Colony Cost, Worst Solution Cost
1, 5381, 1157, 0.0, 6948.35, 8544
2, 4280, 1157, 0.0, 6689.7, 8723
3, 4280, 1157, 0.0, 6818.9, 8386
4, 4280, 1157, 0.0, 6773.05, 8208
5, 4280, 1157, 0.0, 6189.25, 8430
6, 4280, 1157, 0.0, 6652.75, 7764
7, 4280, 1157, 0.0, 6460.4, 7739
8, 4280, 1157, 0.0, 6407.9, 8284
9, 4280, 1157, 0.0, 6485.15, 7883
10, 4280, 1157, 0.0, 6816.0, 9132
11, 4280, 1157, 0.0, 6136.45, 8400
12, 4280, 1157, 0.0, 6459.8, 8176
13, 4280, 1157, 0.0, 6467.55, 7846
14, 4280, 1157, 0.0, 6403.9, 7788
15, 4280, 1157, 0.0, 5936.6, 7900
16, 4280, 1157, 0.0, 6636.9, 8614
17, 4280, 1157, 0.0, 6116.55, 7757
18, 4280, 1157, 0.0, 6018.35, 8171
19, 4280, 1157, 0.0, 5885.65, 7961
20, 4280, 1157, 0.0, 5887.45, 7186
21, 4076, 1157, 0.0, 5600.95, 8990
22, 4076, 1157, 0.0, 5532.55, 8076
23, 4015, 1157, 0.0, 5523.35, 6984
24, 4015, 1157, 0.0, 5447.15, 7184
25, 4004, 1157, 0.0, 5307.85, 7249
26, 4004, 1157, 0.0, 5335.4, 7101
27, 3689, 1157, 0.0, 5099.45, 6094
28, 3689, 1157, 0.0, 5159.95, 6510
29, 3624, 1157, 0.0, 5062.1, 6824
30, 3515, 1157, 0.0, 4898.7, 6242
31, 3411, 1157, 0.0, 4803.35, 6424
32, 3392, 1157, 0.0, 4849.45, 6478
33, 3392, 1157, 0.0, 4560.05, 5799
34, 3295, 1157, 0.0, 4859.85, 6555
35, 3295, 1157, 0.0, 4833.75, 6128
36, 3295, 1157, 0.0, 4924.9, 6296
37, 3246, 1157, 0.0, 4408.6, 6241
38, 3246, 1157, 0.0, 4799.2, 6100
39, 3084, 1157, 0.0, 4269.55, 6889
40, 3084, 1157, 0.0, 4492.3, 5605
41, 3084, 1157, 0.0, 4407.55, 6467
42, 3084, 1157, 0.0, 4355.45, 5619
43, 3084, 1157, 0.0, 4557.65, 5385
44, 3084, 1157, 0.0, 4339.4, 5313
45, 3084, 1157, 0.0, 4495.3, 5304
46, 3032, 1157, 0.0, 4478.25, 5918
47, 3032, 1157, 0.0, 4274.3, 6312
48, 3032, 1157, 0.0, 4690.25, 6110
49, 3032, 1157, 0.0, 4416.0, 5847
50, 3032, 1157, 0.0, 4378.15, 5896
51, 2997, 1157, 0.0, 4168.05, 5370
52, 2997, 1157, 0.0, 4170.3, 5146
53, 2997, 1157, 0.0, 4174.0, 5538
54, 2997, 1157, 0.0, 4267.95, 6044
55, 2997, 1157, 0.0, 4193.1, 6423
56, 2997, 1157, 0.0, 4114.7, 4998
57, 2997, 1157, 0.0, 4039.65, 4960
58, 2997, 1157, 0.0, 4069.8, 6170
59, 2967, 1157, 0.0, 4346.85, 5566
60, 2967, 1157, 0.0, 3850.2, 5034
61, 2967, 1157, 0.0, 4103.1, 4822
62, 2967, 1157, 0.0, 4148.7, 5793
63, 2967, 1157, 0.0, 4274.6, 5913
64, 2967, 1157, 0.0, 4132.75, 5119
65, 2967, 1157, 0.0, 4229.25, 5680
66, 2967, 1157, 0.0, 4050.35, 5457
67, 2967, 1157, 0.0, 4155.15, 5296
68, 2967, 1157, 0.0, 4227.9, 5363
69, 2967, 1157, 0.0, 4089.9, 5239
70, 2967, 1157, 0.0, 4068.65, 5255
71, 2967, 1157, 0.0, 3964.45, 5004
72, 2967, 1157, 0.0, 3811.5, 4787
73, 2967, 1157, 0.0, 3885.25, 4733
74, 2967, 1157, 0.0, 4083.6, 5415
75, 2967, 1157, 0.0, 4048.0, 5139
76, 2967, 1157, 0.0, 3957.3, 4874
77, 2967, 1157, 0.0, 3866.95, 4927
78, 2967, 1157, 0.0, 4208.75, 5681
79, 2967, 1157, 0.0, 4171.1, 5642
80, 2967, 1157, 0.0, 3897.3, 5231
81, 2967, 1157, 0.0, 3848.35, 5265
82, 2967, 1157, 0.0, 3999.1, 5626
83, 2967, 1157, 0.0, 4191.6, 5799
84, 2967, 1157, 0.0, 4056.3, 5368
85, 2967, 1157, 0.0, 4177.6, 5370
86, 2967, 1157, 0.0, 3917.75, 5268
87, 2967, 1157, 0.0, 4097.85, 5142
88, 2967, 1157, 0.0, 3957.65, 4909
89, 2967, 1157, 0.0, 4063.1, 5189
90, 2967, 1157, 0.0, 3815.15, 5174
91, 2967, 1157, 0.0, 4210.9, 5117
92, 2967, 1157, 0.0, 4135.75, 5977
93, 2967, 1157, 0.0, 4072.85, 5210
94, 2967, 1157, 0.0, 4063.9, 5879
95, 2967, 1157, 0.0, 4248.05, 5387
96, 2967, 1157, 0.0, 4092.25, 5786
97, 2967, 1157, 0.0, 3916.5, 4911
98, 2967, 1157, 0.0, 4084.85, 5237
99, 2967, 1157, 0.0, 3977.45, 4786
100, 2967, 1157, 0.0, 3968.95, 4918
101, 2967, 1157, 0.0, 4229.2, 5799
102, 2967, 1157, 0.0, 4075.7, 5318
103, 2967, 1157, 0.0, 4364.55, 6057
104, 2967, 1157, 0.0, 4108.75, 5616
105, 2967, 1157, 0.0, 3952.45, 5104
106, 2967, 1157, 0.0, 3941.05, 4868
107, 2967, 1157, 0.0, 3822.1, 4689
108, 2967, 1157, 0.0, 3578.4, 4309
109, 2967, 1157, 0.0, 4035.25, 4929
110, 2967, 1157, 0.0, 3965.15, 4901
111, 2967, 1157, 0.0, 3966.5, 4724
112, 2962, 1157, 0.0, 3930.85, 5058
113, 2962, 1157, 0.0, 3966.15, 4888
114, 2962, 1157, 0.0, 4118.95, 5995
115, 2962, 1157, 0.0, 3922.5, 4963
116, 2962, 1157, 0.0, 3995.35, 4931
117, 2962, 1157, 0.0, 3952.25, 4948
118, 2962, 1157, 0.0, 4157.35, 5599
119, 2962, 1157, 0.0, 4130.75, 6091
120, 2962, 1157, 0.0, 4011.05, 5420
121, 2962, 1157, 0.0, 4044.4, 4963
122, 2962, 1157, 0.0, 4028.65, 5599
123, 2962, 1157, 0.0, 4031.65, 4726
124, 2962, 1157, 0.0, 4023.95, 5040
125, 2962, 1157, 0.0, 4178.85, 5189

Execution 4:
Best Solution: [0, 6, 4, 12, 3, 17, 15, 10, 8, 13, 19, 1, 2, 7, 11, 5, 16, 18, 14, 9]
Cost: 2922
Execution Time: 1.4183542728424072 seconds

Results per Iteration:
Iteration, Best Cost, Prizes Collected, Penalties, Average Colony Cost, Worst Solution Cost
1, 4755, 1157, 0.0, 6562.1, 9353
2, 4755, 1157, 0.0, 6830.2, 8736
3, 4333, 1157, 0.0, 6555.2, 9035
4, 4333, 1157, 0.0, 6469.2, 8039
5, 4333, 1157, 0.0, 6510.25, 8710
6, 4333, 1157, 0.0, 6582.6, 7957
7, 3850, 1157, 0.0, 6322.85, 8907
8, 3850, 1157, 0.0, 6435.65, 7753
9, 3850, 1157, 0.0, 6660.95, 8270
10, 3850, 1157, 0.0, 6195.35, 8585
11, 3850, 1157, 0.0, 6405.0, 7751
12, 3850, 1157, 0.0, 6880.6, 9456
13, 3850, 1157, 0.0, 6442.45, 8667
14, 3850, 1157, 0.0, 6512.85, 8371
15, 3802, 1157, 0.0, 6195.95, 7962
16, 3802, 1157, 0.0, 6379.85, 7957
17, 3802, 1157, 0.0, 6653.05, 8392
18, 3802, 1157, 0.0, 5720.5, 7381
19, 3802, 1157, 0.0, 5849.35, 8323
20, 3802, 1157, 0.0, 5914.5, 7717
21, 3593, 1157, 0.0, 5962.75, 7344
22, 3174, 1157, 0.0, 5723.4, 7738
23, 3174, 1157, 0.0, 5530.25, 8100
24, 3174, 1157, 0.0, 5581.7, 6854
25, 3174, 1157, 0.0, 5273.0, 6905
26, 3174, 1157, 0.0, 5327.4, 7391
27, 3174, 1157, 0.0, 5417.05, 7015
28, 3174, 1157, 0.0, 4925.25, 6651
29, 3174, 1157, 0.0, 5125.75, 7192
30, 3174, 1157, 0.0, 5170.0, 6499
31, 3174, 1157, 0.0, 4705.3, 6208
32, 3174, 1157, 0.0, 4916.0, 6554
33, 3174, 1157, 0.0, 4474.45, 5640
34, 3174, 1157, 0.0, 4665.7, 6255
35, 3174, 1157, 0.0, 4605.4, 5598
36, 3174, 1157, 0.0, 4953.6, 6800
37, 3174, 1157, 0.0, 4694.1, 6120
38, 3174, 1157, 0.0, 4389.25, 5608
39, 3174, 1157, 0.0, 4600.55, 6105
40, 3174, 1157, 0.0, 4410.55, 5403
41, 3174, 1157, 0.0, 4489.35, 5593
42, 3174, 1157, 0.0, 4753.1, 6158
43, 3174, 1157, 0.0, 4485.75, 5604
44, 3174, 1157, 0.0, 4383.6, 5350
45, 3159, 1157, 0.0, 4357.05, 5866
46, 3159, 1157, 0.0, 4432.3, 5362
47, 3159, 1157, 0.0, 4386.85, 5518
48, 3159, 1157, 0.0, 4525.95, 5613
49, 3159, 1157, 0.0, 4469.05, 5582
50, 3159, 1157, 0.0, 4335.0, 5727
51, 3159, 1157, 0.0, 4522.2, 5669
52, 3158, 1157, 0.0, 4476.0, 6010
53, 3158, 1157, 0.0, 4389.75, 5694
54, 3158, 1157, 0.0, 4238.6, 5174
55, 3087, 1157, 0.0, 4051.85, 5723
56, 3064, 1157, 0.0, 4349.7, 5482
57, 3012, 1157, 0.0, 4132.7, 5431
58, 3012, 1157, 0.0, 4299.35, 5294
59, 3012, 1157, 0.0, 3950.3, 4706
60, 3012, 1157, 0.0, 4079.85, 5295
61, 3012, 1157, 0.0, 4159.95, 5332
62, 2967, 1157, 0.0, 4166.15, 5255
63, 2967, 1157, 0.0, 4363.05, 5710
64, 2967, 1157, 0.0, 4322.7, 5499
65, 2922, 1157, 0.0, 4059.05, 5446
66, 2922, 1157, 0.0, 4182.65, 4862
67, 2922, 1157, 0.0, 4053.05, 5370
68, 2922, 1157, 0.0, 3849.65, 5137
69, 2922, 1157, 0.0, 3919.45, 4987
70, 2922, 1157, 0.0, 4144.6, 5758
71, 2922, 1157, 0.0, 4149.35, 5015
72, 2922, 1157, 0.0, 4112.2, 5345
73, 2922, 1157, 0.0, 4107.55, 4773
74, 2922, 1157, 0.0, 3776.45, 6336
75, 2922, 1157, 0.0, 4296.45, 5482
76, 2922, 1157, 0.0, 4003.2, 5818
77, 2922, 1157, 0.0, 3976.15, 5024
78, 2922, 1157, 0.0, 3944.4, 6143
79, 2922, 1157, 0.0, 3980.25, 5317
80, 2922, 1157, 0.0, 4128.9, 5483
81, 2922, 1157, 0.0, 4263.85, 6196
82, 2922, 1157, 0.0, 4083.65, 5385
83, 2922, 1157, 0.0, 4238.95, 6196
84, 2922, 1157, 0.0, 4162.45, 5072
85, 2922, 1157, 0.0, 4308.1, 5700
86, 2922, 1157, 0.0, 4071.15, 5184
87, 2922, 1157, 0.0, 3976.8, 5478
88, 2922, 1157, 0.0, 4013.25, 5251
89, 2922, 1157, 0.0, 4096.75, 5812
90, 2922, 1157, 0.0, 4105.95, 4867
91, 2922, 1157, 0.0, 3935.55, 5031
92, 2922, 1157, 0.0, 3979.95, 4944
93, 2922, 1157, 0.0, 4172.3, 5434
94, 2922, 1157, 0.0, 4153.55, 5093
95, 2922, 1157, 0.0, 4094.95, 5241
96, 2922, 1157, 0.0, 3877.65, 4980
97, 2922, 1157, 0.0, 4046.35, 5708
98, 2922, 1157, 0.0, 4244.7, 4909
99, 2922, 1157, 0.0, 4216.1, 6072
100, 2922, 1157, 0.0, 3943.55, 5396
101, 2922, 1157, 0.0, 4089.85, 5355
102, 2922, 1157, 0.0, 4060.6, 5894
103, 2922, 1157, 0.0, 4061.6, 5881
104, 2922, 1157, 0.0, 4097.85, 4808
105, 2922, 1157, 0.0, 4105.05, 6175
106, 2922, 1157, 0.0, 4300.25, 5438
107, 2922, 1157, 0.0, 4052.95, 5536
108, 2922, 1157, 0.0, 4275.2, 6119
109, 2922, 1157, 0.0, 4056.9, 4889
110, 2922, 1157, 0.0, 4189.8, 5759
111, 2922, 1157, 0.0, 4199.2, 5794
112, 2922, 1157, 0.0, 4006.1, 5030
113, 2922, 1157, 0.0, 3935.0, 5443
114, 2922, 1157, 0.0, 4063.45, 5824
115, 2922, 1157, 0.0, 4394.2, 6126
116, 2922, 1157, 0.0, 4087.4, 6077
117, 2922, 1157, 0.0, 3888.8, 4807
118, 2922, 1157, 0.0, 4072.35, 5015
119, 2922, 1157, 0.0, 3864.25, 5288
120, 2922, 1157, 0.0, 3897.85, 4766
121, 2922, 1157, 0.0, 3790.4, 4597
122, 2922, 1157, 0.0, 4042.2, 5179
123, 2922, 1157, 0.0, 4070.7, 4872
124, 2922, 1157, 0.0, 4165.35, 5561
125, 2922, 1157, 0.0, 3801.7, 4425

Execution 5:
Best Solution: [0, 6, 4, 12, 3, 17, 15, 10, 8, 13, 19, 1, 2, 7, 11, 5, 16, 18, 14, 9]
Cost: 2922
Execution Time: 1.4103329181671143 seconds

Results per Iteration:
Iteration, Best Cost, Prizes Collected, Penalties, Average Colony Cost, Worst Solution Cost
1, 5348, 1157, 0.0, 6980.1, 9159
2, 5348, 1157, 0.0, 6739.65, 8312
3, 5297, 1157, 0.0, 6803.8, 8563
4, 4656, 1157, 0.0, 6390.25, 9019
5, 4623, 1157, 0.0, 6475.15, 8251
6, 4623, 1157, 0.0, 6600.7, 8067
7, 4315, 1157, 0.0, 6643.95, 8661
8, 4315, 1157, 0.0, 6515.1, 8229
9, 4315, 1157, 0.0, 6714.6, 8134
10, 4315, 1157, 0.0, 6376.1, 7714
11, 4315, 1157, 0.0, 6260.2, 7413
12, 4315, 1157, 0.0, 6045.8, 8709
13, 4315, 1157, 0.0, 6074.8, 7909
14, 4315, 1157, 0.0, 5954.25, 7091
15, 4315, 1157, 0.0, 6100.5, 9125
16, 4179, 1157, 0.0, 6421.95, 8398
17, 4179, 1157, 0.0, 5665.25, 6819
18, 4179, 1157, 0.0, 6025.2, 7772
19, 4179, 1157, 0.0, 5988.9, 8268
20, 4143, 1157, 0.0, 5773.35, 7377
21, 4143, 1157, 0.0, 5529.55, 6786
22, 4143, 1157, 0.0, 5794.4, 7924
23, 3560, 1157, 0.0, 5041.6, 6919
24, 3560, 1157, 0.0, 5442.15, 6875
25, 3560, 1157, 0.0, 5302.5, 7045
26, 3560, 1157, 0.0, 5046.95, 6145
27, 3560, 1157, 0.0, 4773.45, 5851
28, 3560, 1157, 0.0, 4924.45, 6684
29, 3560, 1157, 0.0, 4935.05, 6467
30, 3560, 1157, 0.0, 4761.95, 6209
31, 3560, 1157, 0.0, 5127.55, 6979
32, 3500, 1157, 0.0, 4843.6, 7006
33, 3500, 1157, 0.0, 4773.3, 6057
34, 3500, 1157, 0.0, 4722.0, 5910
35, 3500, 1157, 0.0, 4751.3, 6223
36, 3500, 1157, 0.0, 4624.45, 5882
37, 3500, 1157, 0.0, 4624.25, 6133
38, 3500, 1157, 0.0, 4668.95, 5699
39, 3461, 1157, 0.0, 4575.2, 5704
40, 3410, 1157, 0.0, 4742.85, 6234
41, 3410, 1157, 0.0, 4598.3, 6497
42, 3410, 1157, 0.0, 4496.1, 6690
43, 3410, 1157, 0.0, 4655.55, 5872
44, 3410, 1157, 0.0, 4632.8, 5756
45, 3410, 1157, 0.0, 4436.0, 5402
46, 3239, 1157, 0.0, 4357.2, 5233
47, 3108, 1157, 0.0, 4446.7, 5923
48, 3097, 1157, 0.0, 4302.75, 6293
49, 3097, 1157, 0.0, 4314.45, 5687
50, 3097, 1157, 0.0, 4403.25, 5911
51, 3097, 1157, 0.0, 4325.85, 5789
52, 3097, 1157, 0.0, 4397.65, 5925
53, 2967, 1157, 0.0, 4098.7, 6003
54, 2966, 1157, 0.0, 4232.0, 5677
55, 2966, 1157, 0.0, 4092.55, 5578
56, 2966, 1157, 0.0, 4489.85, 5587
57, 2966, 1157, 0.0, 4613.8, 6395
58, 2966, 1157, 0.0, 4315.05, 6601
59, 2966, 1157, 0.0, 4259.25, 5253
60, 2966, 1157, 0.0, 4412.65, 5693
61, 2966, 1157, 0.0, 4354.45, 5629
62, 2966, 1157, 0.0, 4319.4, 5626
63, 2966, 1157, 0.0, 4301.65, 5716
64, 2966, 1157, 0.0, 4144.15, 5184
65, 2966, 1157, 0.0, 4156.75, 5000
66, 2966, 1157, 0.0, 4302.6, 5671
67, 2966, 1157, 0.0, 4163.6, 5787
68, 2966, 1157, 0.0, 4280.05, 5180
69, 2966, 1157, 0.0, 4409.1, 6312
70, 2966, 1157, 0.0, 4252.4, 5521
71, 2966, 1157, 0.0, 4308.7, 5955
72, 2966, 1157, 0.0, 4059.2, 5375
73, 2966, 1157, 0.0, 4182.5, 5139
74, 2966, 1157, 0.0, 4182.05, 5692
75, 2966, 1157, 0.0, 4196.25, 5778
76, 2966, 1157, 0.0, 3839.1, 5607
77, 2966, 1157, 0.0, 4231.8, 5641
78, 2966, 1157, 0.0, 4115.45, 5558
79, 2966, 1157, 0.0, 4021.8, 5960
80, 2966, 1157, 0.0, 4179.45, 6052
81, 2966, 1157, 0.0, 4213.5, 5621
82, 2966, 1157, 0.0, 4235.45, 5381
83, 2966, 1157, 0.0, 4208.3, 5515
84, 2966, 1157, 0.0, 4075.1, 5278
85, 2966, 1157, 0.0, 4259.65, 5255
86, 2966, 1157, 0.0, 4017.7, 5666
87, 2966, 1157, 0.0, 4006.7, 4604
88, 2966, 1157, 0.0, 3922.0, 5151
89, 2966, 1157, 0.0, 4124.85, 5294
90, 2966, 1157, 0.0, 4073.85, 5498
91, 2966, 1157, 0.0, 3930.85, 4881
92, 2966, 1157, 0.0, 3972.7, 4811
93, 2966, 1157, 0.0, 3875.5, 5729
94, 2922, 1157, 0.0, 4036.0, 5146
95, 2922, 1157, 0.0, 3948.2, 5411
96, 2922, 1157, 0.0, 4115.05, 5258
97, 2922, 1157, 0.0, 3918.55, 5413
98, 2922, 1157, 0.0, 4206.55, 5355
99, 2922, 1157, 0.0, 3842.6, 6037
100, 2922, 1157, 0.0, 4014.35, 5105
101, 2922, 1157, 0.0, 3785.35, 4836
102, 2922, 1157, 0.0, 3976.1, 5719
103, 2922, 1157, 0.0, 4069.1, 5426
104, 2922, 1157, 0.0, 3776.6, 6003
105, 2922, 1157, 0.0, 4114.6, 5268
106, 2922, 1157, 0.0, 3941.65, 5248
107, 2922, 1157, 0.0, 4123.2, 5656
108, 2922, 1157, 0.0, 4033.7, 5111
109, 2922, 1157, 0.0, 3883.45, 5138
110, 2922, 1157, 0.0, 4109.4, 5399
111, 2922, 1157, 0.0, 4260.2, 7067
112, 2922, 1157, 0.0, 4024.85, 5764
113, 2922, 1157, 0.0, 4109.3, 5451
114, 2922, 1157, 0.0, 4025.7, 5526
115, 2922, 1157, 0.0, 4205.4, 5663
116, 2922, 1157, 0.0, 3973.25, 5101
117, 2922, 1157, 0.0, 3905.75, 5114
118, 2922, 1157, 0.0, 4041.85, 4577
119, 2922, 1157, 0.0, 4036.5, 4919
120, 2922, 1157, 0.0, 4347.95, 5330
121, 2922, 1157, 0.0, 4298.25, 5515
122, 2922, 1157, 0.0, 3921.55, 5256
123, 2922, 1157, 0.0, 4098.4, 5460
124, 2922, 1157, 0.0, 4064.45, 5034
125, 2922, 1157, 0.0, 3963.6, 5280

Execution 6:
Best Solution: [0, 6, 4, 12, 3, 17, 15, 10, 8, 13, 19, 1, 2, 7, 11, 5, 16, 18, 14, 9]
Cost: 2922
Execution Time: 1.4148101806640625 seconds

Results per Iteration:
Iteration, Best Cost, Prizes Collected, Penalties, Average Colony Cost, Worst Solution Cost
1, 4964, 1157, 0.0, 6657.05, 9095
2, 4964, 1157, 0.0, 6434.4, 7700
3, 4408, 1157, 0.0, 6654.85, 8786
4, 4408, 1157, 0.0, 7092.35, 8350
5, 4408, 1157, 0.0, 7002.9, 9098
6, 4408, 1157, 0.0, 6504.95, 8607
7, 4408, 1157, 0.0, 6445.05, 7514
8, 4408, 1157, 0.0, 6784.4, 8739
9, 4408, 1157, 0.0, 6784.05, 8298
10, 4408, 1157, 0.0, 7114.8, 8373
11, 4177, 1157, 0.0, 6562.15, 8534
12, 4177, 1157, 0.0, 6509.4, 8429
13, 4177, 1157, 0.0, 6329.7, 8038
14, 4177, 1157, 0.0, 6516.35, 7922
15, 4177, 1157, 0.0, 6282.5, 8208
16, 3537, 1157, 0.0, 6035.3, 7759
17, 3537, 1157, 0.0, 5926.0, 7328
18, 3537, 1157, 0.0, 5831.5, 7189
19, 3537, 1157, 0.0, 6112.6, 7708
20, 3537, 1157, 0.0, 5839.95, 7294
21, 3537, 1157, 0.0, 5263.95, 6341
22, 3390, 1157, 0.0, 5754.85, 7985
23, 3390, 1157, 0.0, 6005.65, 7871
24, 3390, 1157, 0.0, 5463.7, 7608
25, 3390, 1157, 0.0, 5277.4, 7690
26, 3390, 1157, 0.0, 5310.15, 6530
27, 3390, 1157, 0.0, 5227.1, 6582
28, 3390, 1157, 0.0, 4999.6, 6308
29, 3390, 1157, 0.0, 5094.05, 7244
30, 3390, 1157, 0.0, 4880.5, 6527
31, 3390, 1157, 0.0, 5044.85, 6340
32, 3390, 1157, 0.0, 5081.3, 6051
33, 3329, 1157, 0.0, 4562.3, 5841
34, 3329, 1157, 0.0, 4969.9, 5965
35, 3329, 1157, 0.0, 4691.9, 5528
36, 3329, 1157, 0.0, 4755.5, 5675
37, 3329, 1157, 0.0, 4814.65, 7130
38, 2997, 1157, 0.0, 4605.5, 6206
39, 2997, 1157, 0.0, 4757.3, 6358
40, 2997, 1157, 0.0, 4565.4, 5660
41, 2997, 1157, 0.0, 4408.15, 5421
42, 2997, 1157, 0.0, 4739.2, 6081
43, 2997, 1157, 0.0, 4863.4, 6411
44, 2997, 1157, 0.0, 4398.05, 6097
45, 2997, 1157, 0.0, 4628.05, 5458
46, 2997, 1157, 0.0, 4514.15, 5953
47, 2997, 1157, 0.0, 4534.75, 5303
48, 2997, 1157, 0.0, 4485.75, 5982
49, 2997, 1157, 0.0, 4718.7, 5892
50, 2997, 1157, 0.0, 4639.95, 5681
51, 2997, 1157, 0.0, 4325.0, 5625
52, 2997, 1157, 0.0, 4368.95, 6788
53, 2997, 1157, 0.0, 4423.75, 5970
54, 2997, 1157, 0.0, 4360.3, 5669
55, 2997, 1157, 0.0, 4065.05, 5334
56, 2997, 1157, 0.0, 4708.55, 6613
57, 2997, 1157, 0.0, 4285.55, 5280
58, 2997, 1157, 0.0, 4636.15, 6397
59, 2997, 1157, 0.0, 4325.6, 5196
60, 2997, 1157, 0.0, 4416.85, 6393
61, 2997, 1157, 0.0, 4317.45, 5186
62, 2997, 1157, 0.0, 4525.5, 5656
63, 2997, 1157, 0.0, 4311.2, 5822
64, 2997, 1157, 0.0, 4372.45, 5281
65, 2997, 1157, 0.0, 4371.2, 5820
66, 2997, 1157, 0.0, 4429.05, 5932
67, 2997, 1157, 0.0, 4542.45, 5426
68, 2997, 1157, 0.0, 4288.8, 5802
69, 2997, 1157, 0.0, 4267.5, 5442
70, 2997, 1157, 0.0, 4166.25, 4902
71, 2997, 1157, 0.0, 4015.75, 5167
72, 2997, 1157, 0.0, 4037.15, 5598
73, 2997, 1157, 0.0, 4295.45, 5132
74, 2997, 1157, 0.0, 4335.4, 5559
75, 2997, 1157, 0.0, 4271.35, 5398
76, 2997, 1157, 0.0, 4190.1, 6014
77, 2997, 1157, 0.0, 4176.6, 5295
78, 2997, 1157, 0.0, 4448.4, 5816
79, 2997, 1157, 0.0, 4491.4, 5468
80, 2997, 1157, 0.0, 4196.8, 5018
81, 2997, 1157, 0.0, 4212.6, 5439
82, 2997, 1157, 0.0, 4077.3, 5278
83, 2997, 1157, 0.0, 4130.9, 5364
84, 2997, 1157, 0.0, 4356.65, 5871
85, 2997, 1157, 0.0, 4055.1, 4845
86, 2997, 1157, 0.0, 4138.85, 5501
87, 2997, 1157, 0.0, 4055.4, 5185
88, 2997, 1157, 0.0, 4218.95, 5105
89, 2997, 1157, 0.0, 4520.25, 5717
90, 2997, 1157, 0.0, 4349.15, 5529
91, 2997, 1157, 0.0, 4322.15, 5292
92, 2997, 1157, 0.0, 4180.9, 5257
93, 2997, 1157, 0.0, 4062.6, 5432
94, 2997, 1157, 0.0, 4200.1, 5568
95, 2997, 1157, 0.0, 4213.4, 5257
96, 2997, 1157, 0.0, 4059.75, 5510
97, 2997, 1157, 0.0, 4172.95, 5929
98, 2997, 1157, 0.0, 4271.7, 5567
99, 2997, 1157, 0.0, 4009.15, 5644
100, 2997, 1157, 0.0, 4169.8, 5277
101, 2997, 1157, 0.0, 4067.9, 5340
102, 2997, 1157, 0.0, 4344.0, 5777
103, 2997, 1157, 0.0, 4246.8, 5808
104, 2997, 1157, 0.0, 3976.55, 5052
105, 2966, 1157, 0.0, 3969.2, 5937
106, 2966, 1157, 0.0, 4179.25, 5396
107, 2966, 1157, 0.0, 4244.45, 5556
108, 2966, 1157, 0.0, 4276.55, 5630
109, 2922, 1157, 0.0, 3877.45, 4856
110, 2922, 1157, 0.0, 4123.55, 5273
111, 2922, 1157, 0.0, 3888.65, 4601
112, 2922, 1157, 0.0, 4087.65, 5031
113, 2922, 1157, 0.0, 3921.3, 5557
114, 2922, 1157, 0.0, 4054.95, 5847
115, 2922, 1157, 0.0, 4189.95, 4917
116, 2922, 1157, 0.0, 4220.55, 5528
117, 2922, 1157, 0.0, 3932.6, 4859
118, 2922, 1157, 0.0, 4126.65, 5164
119, 2922, 1157, 0.0, 3966.65, 4987
120, 2922, 1157, 0.0, 3975.25, 5273
121, 2922, 1157, 0.0, 3789.05, 4649
122, 2922, 1157, 0.0, 4073.45, 5272
123, 2922, 1157, 0.0, 4188.5, 5418
124, 2922, 1157, 0.0, 4175.8, 5633
125, 2922, 1157, 0.0, 4207.2, 5019

Execution 7:
Best Solution: [0, 6, 4, 12, 3, 17, 15, 10, 8, 13, 19, 1, 2, 7, 11, 5, 16, 18, 14, 9]
Cost: 2922
Execution Time: 1.4284591674804688 seconds

Results per Iteration:
Iteration, Best Cost, Prizes Collected, Penalties, Average Colony Cost, Worst Solution Cost
1, 5158, 1157, 0.0, 7083.75, 10269
2, 4838, 1157, 0.0, 6591.25, 8179
3, 4695, 1157, 0.0, 6222.5, 7712
4, 4695, 1157, 0.0, 6673.95, 8589
5, 4695, 1157, 0.0, 6161.1, 8311
6, 4695, 1157, 0.0, 6557.05, 8418
7, 4695, 1157, 0.0, 7018.0, 8882
8, 4272, 1157, 0.0, 6536.25, 8652
9, 4272, 1157, 0.0, 6385.3, 9564
10, 4272, 1157, 0.0, 6164.45, 7896
11, 4272, 1157, 0.0, 6318.3, 7895
12, 4272, 1157, 0.0, 6595.7, 10235
13, 4272, 1157, 0.0, 6296.8, 7710
14, 4272, 1157, 0.0, 6205.5, 7952
15, 3698, 1157, 0.0, 5930.0, 7644
16, 3698, 1157, 0.0, 6010.3, 8155
17, 3698, 1157, 0.0, 6132.5, 8179
18, 3698, 1157, 0.0, 5863.55, 8436
19, 3698, 1157, 0.0, 5867.55, 9103
20, 3698, 1157, 0.0, 6000.3, 8226
21, 3698, 1157, 0.0, 5577.2, 6999
22, 3698, 1157, 0.0, 5584.85, 7210
23, 3540, 1157, 0.0, 5493.8, 6990
24, 3407, 1157, 0.0, 5220.0, 6657
25, 3407, 1157, 0.0, 5352.7, 7014
26, 3407, 1157, 0.0, 5600.05, 8040
27, 3407, 1157, 0.0, 5200.55, 6384
28, 3407, 1157, 0.0, 5281.95, 7649
29, 3407, 1157, 0.0, 4925.5, 5758
30, 3407, 1157, 0.0, 5128.05, 6428
31, 3407, 1157, 0.0, 4981.5, 6038
32, 3407, 1157, 0.0, 4964.85, 6888
33, 3407, 1157, 0.0, 5052.65, 7583
34, 3407, 1157, 0.0, 4899.95, 7205
35, 3407, 1157, 0.0, 4835.65, 5927
36, 3364, 1157, 0.0, 4529.4, 6176
37, 3364, 1157, 0.0, 4722.5, 6814
38, 3364, 1157, 0.0, 4431.9, 6440
39, 3045, 1157, 0.0, 4692.75, 6504
40, 3045, 1157, 0.0, 4757.15, 6079
41, 3045, 1157, 0.0, 4455.9, 5481
42, 3045, 1157, 0.0, 4701.9, 5571
43, 3045, 1157, 0.0, 4948.6, 6685
44, 3045, 1157, 0.0, 4292.85, 5512
45, 3045, 1157, 0.0, 4641.15, 6223
46, 3045, 1157, 0.0, 4482.55, 6082
47, 3045, 1157, 0.0, 4490.5, 5726
48, 3045, 1157, 0.0, 4212.25, 5927
49, 3045, 1157, 0.0, 4714.95, 5647
50, 3045, 1157, 0.0, 4057.6, 5682
51, 3045, 1157, 0.0, 4410.95, 5894
52, 3045, 1157, 0.0, 4710.3, 6882
53, 3045, 1157, 0.0, 4584.1, 5963
54, 3045, 1157, 0.0, 4328.45, 5567
55, 3045, 1157, 0.0, 4209.0, 5519
56, 3045, 1157, 0.0, 4561.45, 5910
57, 3045, 1157, 0.0, 4420.55, 5697
58, 3045, 1157, 0.0, 4227.85, 6272
59, 3045, 1157, 0.0, 4587.55, 5881
60, 3045, 1157, 0.0, 4461.05, 5189
61, 3045, 1157, 0.0, 4255.05, 5023
62, 3045, 1157, 0.0, 4249.85, 6339
63, 2966, 1157, 0.0, 4296.0, 5365
64, 2966, 1157, 0.0, 4429.65, 5463
65, 2966, 1157, 0.0, 4193.3, 5858
66, 2966, 1157, 0.0, 4253.5, 5927
67, 2966, 1157, 0.0, 4458.65, 6281
68, 2966, 1157, 0.0, 4493.9, 6961
69, 2966, 1157, 0.0, 4412.65, 5633
70, 2966, 1157, 0.0, 4334.35, 5971
71, 2966, 1157, 0.0, 4236.25, 5771
72, 2966, 1157, 0.0, 4165.05, 4965
73, 2966, 1157, 0.0, 4036.8, 5334
74, 2966, 1157, 0.0, 4364.6, 5299
75, 2966, 1157, 0.0, 4370.55, 6278
76, 2922, 1157, 0.0, 4129.9, 5669
77, 2922, 1157, 0.0, 3945.55, 4919
78, 2922, 1157, 0.0, 4264.6, 5504
79, 2922, 1157, 0.0, 4199.75, 5565
80, 2922, 1157, 0.0, 4199.9, 5491
81, 2922, 1157, 0.0, 4232.85, 5488
82, 2922, 1157, 0.0, 4110.9, 5745
83, 2922, 1157, 0.0, 4223.25, 5942
84, 2922, 1157, 0.0, 3849.7, 5037
85, 2922, 1157, 0.0, 4036.85, 5840
86, 2922, 1157, 0.0, 4114.7, 5365
87, 2922, 1157, 0.0, 3892.0, 5319
88, 2922, 1157, 0.0, 3952.05, 4790
89, 2922, 1157, 0.0, 4201.65, 5438
90, 2922, 1157, 0.0, 4100.3, 5440
91, 2922, 1157, 0.0, 4145.75, 5386
92, 2922, 1157, 0.0, 4037.55, 5745
93, 2922, 1157, 0.0, 4214.85, 5544
94, 2922, 1157, 0.0, 3934.3, 4942
95, 2922, 1157, 0.0, 4079.7, 5363
96, 2922, 1157, 0.0, 4056.8, 6543
97, 2922, 1157, 0.0, 4146.75, 5835
98, 2922, 1157, 0.0, 4166.95, 5932
99, 2922, 1157, 0.0, 4176.9, 5748
100, 2922, 1157, 0.0, 3994.85, 4998
101, 2922, 1157, 0.0, 3957.1, 5266
102, 2922, 1157, 0.0, 3967.45, 5580
103, 2922, 1157, 0.0, 4095.45, 5105
104, 2922, 1157, 0.0, 3859.55, 5101
105, 2922, 1157, 0.0, 4063.7, 5241
106, 2922, 1157, 0.0, 4343.7, 6314
107, 2922, 1157, 0.0, 4097.75, 4918
108, 2922, 1157, 0.0, 4021.45, 5408
109, 2922, 1157, 0.0, 4104.9, 5492
110, 2922, 1157, 0.0, 4315.9, 5191
111, 2922, 1157, 0.0, 4155.85, 5191
112, 2922, 1157, 0.0, 3945.3, 5155
113, 2922, 1157, 0.0, 4144.15, 5297
114, 2922, 1157, 0.0, 4115.1, 5613
115, 2922, 1157, 0.0, 4107.7, 5544
116, 2922, 1157, 0.0, 4100.95, 5882
117, 2922, 1157, 0.0, 3963.5, 4782
118, 2922, 1157, 0.0, 3902.65, 5594
119, 2922, 1157, 0.0, 4004.3, 5191
120, 2922, 1157, 0.0, 4013.3, 4944
121, 2922, 1157, 0.0, 3858.3, 5317
122, 2922, 1157, 0.0, 3981.75, 6702
123, 2922, 1157, 0.0, 4113.9, 5230
124, 2922, 1157, 0.0, 3973.9, 5400
125, 2922, 1157, 0.0, 4118.65, 4912

Execution 8:
Best Solution: [0, 6, 4, 12, 3, 16, 18, 14, 15, 10, 8, 13, 19, 1, 2, 7, 11, 17, 5, 9]
Cost: 2964
Execution Time: 1.420335054397583 seconds

Results per Iteration:
Iteration, Best Cost, Prizes Collected, Penalties, Average Colony Cost, Worst Solution Cost
1, 4850, 1157, 0.0, 6534.75, 8108
2, 4850, 1157, 0.0, 6884.2, 8848
3, 4521, 1157, 0.0, 6443.65, 7796
4, 4521, 1157, 0.0, 7074.95, 10023
5, 4521, 1157, 0.0, 6520.35, 9301
6, 4208, 1157, 0.0, 6697.3, 8003
7, 4208, 1157, 0.0, 6883.75, 8485
8, 4208, 1157, 0.0, 6552.15, 9728
9, 4208, 1157, 0.0, 6738.5, 8519
10, 4208, 1157, 0.0, 6867.35, 9705
11, 4208, 1157, 0.0, 6434.9, 8642
12, 4208, 1157, 0.0, 6519.3, 8205
13, 4208, 1157, 0.0, 6414.1, 9547
14, 3964, 1157, 0.0, 6329.65, 8845
15, 3964, 1157, 0.0, 5946.9, 7668
16, 3964, 1157, 0.0, 6551.4, 8884
17, 3964, 1157, 0.0, 6263.2, 7262
18, 3808, 1157, 0.0, 5860.15, 8142
19, 3808, 1157, 0.0, 6016.55, 7784
20, 3808, 1157, 0.0, 5615.3, 7153
21, 3808, 1157, 0.0, 5416.35, 6450
22, 3808, 1157, 0.0, 5782.7, 8414
23, 3808, 1157, 0.0, 5631.55, 7720
24, 3808, 1157, 0.0, 5462.8, 6849
25, 3649, 1157, 0.0, 5385.55, 7463
26, 3649, 1157, 0.0, 5116.8, 6218
27, 3649, 1157, 0.0, 4971.75, 7164
28, 3649, 1157, 0.0, 4991.5, 6573
29, 3649, 1157, 0.0, 5190.3, 7043
30, 3649, 1157, 0.0, 5049.5, 7348
31, 3353, 1157, 0.0, 4893.45, 6442
32, 3321, 1157, 0.0, 4905.35, 6692
33, 3321, 1157, 0.0, 4809.15, 6015
34, 3321, 1157, 0.0, 4825.8, 5959
35, 3163, 1157, 0.0, 4549.75, 6261
36, 3163, 1157, 0.0, 4642.1, 6226
37, 3163, 1157, 0.0, 4452.6, 5749
38, 3056, 1157, 0.0, 4480.35, 6578
39, 3056, 1157, 0.0, 4410.7, 5532
40, 3056, 1157, 0.0, 4588.25, 6425
41, 3056, 1157, 0.0, 4517.25, 5623
42, 3056, 1157, 0.0, 4497.4, 6174
43, 3056, 1157, 0.0, 4518.8, 5773
44, 3056, 1157, 0.0, 4495.1, 5563
45, 3056, 1157, 0.0, 4441.0, 5519
46, 3056, 1157, 0.0, 4412.95, 5724
47, 3056, 1157, 0.0, 4460.8, 5720
48, 3056, 1157, 0.0, 4500.5, 6026
49, 3056, 1157, 0.0, 4182.25, 5179
50, 3056, 1157, 0.0, 4330.4, 6953
51, 3056, 1157, 0.0, 4587.45, 6364
52, 3056, 1157, 0.0, 4653.9, 5938
53, 3056, 1157, 0.0, 4665.55, 6157
54, 3056, 1157, 0.0, 4390.65, 5861
55, 3056, 1157, 0.0, 4469.25, 5401
56, 3056, 1157, 0.0, 4237.55, 6021
57, 3056, 1157, 0.0, 4386.15, 6513
58, 3056, 1157, 0.0, 4503.8, 5718
59, 3056, 1157, 0.0, 4566.75, 6249
60, 3056, 1157, 0.0, 4439.55, 6332
61, 3056, 1157, 0.0, 4167.0, 5398
62, 3056, 1157, 0.0, 4308.1, 5861
63, 3056, 1157, 0.0, 4120.35, 4972
64, 3056, 1157, 0.0, 4396.8, 5338
65, 3056, 1157, 0.0, 4072.4, 4797
66, 3056, 1157, 0.0, 4267.25, 5581
67, 2966, 1157, 0.0, 4065.0, 5030
68, 2966, 1157, 0.0, 4158.1, 5334
69, 2966, 1157, 0.0, 4421.85, 6040
70, 2966, 1157, 0.0, 4013.6, 4672
71, 2966, 1157, 0.0, 4146.4, 5334
72, 2966, 1157, 0.0, 4215.4, 5404
73, 2966, 1157, 0.0, 4176.35, 5209
74, 2966, 1157, 0.0, 4362.2, 5506
75, 2966, 1157, 0.0, 4241.95, 6137
76, 2966, 1157, 0.0, 4156.85, 5409
77, 2966, 1157, 0.0, 4257.2, 5622
78, 2966, 1157, 0.0, 4029.7, 5399
79, 2966, 1157, 0.0, 4503.45, 6152
80, 2966, 1157, 0.0, 4266.9, 5210
81, 2966, 1157, 0.0, 4270.25, 5235
82, 2966, 1157, 0.0, 4167.9, 4932
83, 2966, 1157, 0.0, 4259.8, 5593
84, 2966, 1157, 0.0, 4427.0, 5796
85, 2966, 1157, 0.0, 4295.35, 5503
86, 2966, 1157, 0.0, 4314.7, 5463
87, 2966, 1157, 0.0, 4160.7, 6325
88, 2966, 1157, 0.0, 3829.5, 4820
89, 2966, 1157, 0.0, 4309.95, 5456
90, 2966, 1157, 0.0, 4151.05, 5225
91, 2966, 1157, 0.0, 4282.1, 4881
92, 2966, 1157, 0.0, 4156.9, 5579
93, 2966, 1157, 0.0, 4509.05, 6633
94, 2966, 1157, 0.0, 4156.35, 5313
95, 2966, 1157, 0.0, 4122.7, 5445
96, 2966, 1157, 0.0, 4111.75, 5513
97, 2966, 1157, 0.0, 4173.0, 4963
98, 2966, 1157, 0.0, 4332.9, 6011
99, 2966, 1157, 0.0, 4085.1, 5254
100, 2966, 1157, 0.0, 4309.8, 5680
101, 2966, 1157, 0.0, 3984.5, 5134
102, 2966, 1157, 0.0, 4114.65, 5855
103, 2966, 1157, 0.0, 4091.4, 5659
104, 2966, 1157, 0.0, 4150.3, 5013
105, 2966, 1157, 0.0, 4129.45, 5074
106, 2966, 1157, 0.0, 3943.15, 4857
107, 2966, 1157, 0.0, 4179.35, 5282
108, 2966, 1157, 0.0, 4047.3, 5544
109, 2966, 1157, 0.0, 4408.95, 6005
110, 2966, 1157, 0.0, 4256.15, 5614
111, 2966, 1157, 0.0, 3953.55, 5229
112, 2966, 1157, 0.0, 3970.05, 4973
113, 2966, 1157, 0.0, 4107.85, 5308
114, 2966, 1157, 0.0, 4064.8, 5129
115, 2966, 1157, 0.0, 4174.1, 5260
116, 2966, 1157, 0.0, 4147.2, 6211
117, 2964, 1157, 0.0, 4119.2, 5300
118, 2964, 1157, 0.0, 4169.85, 5055
119, 2964, 1157, 0.0, 3798.6, 4695
120, 2964, 1157, 0.0, 4246.65, 5364
121, 2964, 1157, 0.0, 3891.05, 5562
122, 2964, 1157, 0.0, 4194.75, 6215
123, 2964, 1157, 0.0, 3968.75, 4948
124, 2964, 1157, 0.0, 4312.9, 6361
125, 2964, 1157, 0.0, 4150.85, 5407

Execution 9:
Best Solution: [0, 6, 4, 12, 3, 16, 18, 14, 15, 10, 7, 8, 13, 19, 1, 2, 17, 11, 5, 9]
Cost: 2860
Execution Time: 1.4233362674713135 seconds

Results per Iteration:
Iteration, Best Cost, Prizes Collected, Penalties, Average Colony Cost, Worst Solution Cost
1, 4062, 1157, 0.0, 6520.25, 9054
2, 4062, 1157, 0.0, 6799.1, 8347
3, 4062, 1157, 0.0, 6311.95, 8179
4, 4062, 1157, 0.0, 6678.95, 8084
5, 4062, 1157, 0.0, 6699.65, 8207
6, 4062, 1157, 0.0, 6416.4, 7869
7, 4062, 1157, 0.0, 6555.7, 8287
8, 4062, 1157, 0.0, 6455.6, 9174
9, 4062, 1157, 0.0, 6477.5, 7790
10, 4022, 1157, 0.0, 6194.6, 8047
11, 4022, 1157, 0.0, 6435.0, 7800
12, 4022, 1157, 0.0, 6644.6, 8422
13, 4022, 1157, 0.0, 6614.4, 8113
14, 4022, 1157, 0.0, 6091.25, 7880
15, 4022, 1157, 0.0, 6105.6, 8343
16, 4022, 1157, 0.0, 6166.9, 7595
17, 4005, 1157, 0.0, 5884.1, 8421
18, 4005, 1157, 0.0, 5994.65, 8026
19, 3727, 1157, 0.0, 5946.95, 7441
20, 3727, 1157, 0.0, 5691.3, 7995
21, 3697, 1157, 0.0, 5497.25, 7565
22, 3697, 1157, 0.0, 5714.05, 8342
23, 3697, 1157, 0.0, 5573.85, 8039
24, 3697, 1157, 0.0, 5832.7, 7043
25, 3697, 1157, 0.0, 5752.5, 7042
26, 3697, 1157, 0.0, 5319.5, 7499
27, 3697, 1157, 0.0, 5345.35, 7186
28, 3516, 1157, 0.0, 5137.6, 6896
29, 3301, 1157, 0.0, 5381.4, 7486
30, 3301, 1157, 0.0, 4979.25, 6088
31, 3301, 1157, 0.0, 4692.75, 5768
32, 3301, 1157, 0.0, 4810.65, 5999
33, 3301, 1157, 0.0, 4817.6, 5998
34, 3301, 1157, 0.0, 4701.95, 5926
35, 3301, 1157, 0.0, 5020.55, 6608
36, 3301, 1157, 0.0, 4716.65, 6251
37, 3301, 1157, 0.0, 4681.2, 5950
38, 3301, 1157, 0.0, 4621.65, 6731
39, 3301, 1157, 0.0, 4614.85, 6004
40, 2966, 1157, 0.0, 4381.95, 5539
41, 2966, 1157, 0.0, 4304.25, 5592
42, 2966, 1157, 0.0, 4380.85, 5499
43, 2966, 1157, 0.0, 4399.2, 5487
44, 2966, 1157, 0.0, 4683.15, 5979
45, 2966, 1157, 0.0, 4617.8, 6390
46, 2966, 1157, 0.0, 4408.3, 5605
47, 2966, 1157, 0.0, 4200.8, 5584
48, 2966, 1157, 0.0, 4481.55, 5947
49, 2966, 1157, 0.0, 4198.0, 5247
50, 2966, 1157, 0.0, 4255.05, 5949
51, 2966, 1157, 0.0, 4285.8, 5677
52, 2966, 1157, 0.0, 4197.2, 4919
53, 2966, 1157, 0.0, 4073.4, 5721
54, 2966, 1157, 0.0, 4294.5, 5088
55, 2966, 1157, 0.0, 4414.05, 5648
56, 2966, 1157, 0.0, 4158.65, 5523
57, 2966, 1157, 0.0, 4090.6, 5153
58, 2966, 1157, 0.0, 4335.6, 5646
59, 2966, 1157, 0.0, 3996.7, 4757
60, 2966, 1157, 0.0, 4067.15, 5121
61, 2966, 1157, 0.0, 4042.55, 5218
62, 2966, 1157, 0.0, 4209.3, 5863
63, 2966, 1157, 0.0, 4392.5, 5401
64, 2966, 1157, 0.0, 4059.4, 4852
65, 2966, 1157, 0.0, 4112.65, 5090
66, 2966, 1157, 0.0, 4504.8, 5535
67, 2966, 1157, 0.0, 4240.25, 5316
68, 2966, 1157, 0.0, 4033.45, 5166
69, 2966, 1157, 0.0, 4261.9, 5520
70, 2966, 1157, 0.0, 4187.15, 5416
71, 2966, 1157, 0.0, 4146.4, 5111
72, 2966, 1157, 0.0, 4075.15, 5109
73, 2966, 1157, 0.0, 4047.45, 5011
74, 2966, 1157, 0.0, 4555.5, 5684
75, 2966, 1157, 0.0, 4305.8, 5667
76, 2966, 1157, 0.0, 4028.0, 4974
77, 2966, 1157, 0.0, 4408.7, 5591
78, 2966, 1157, 0.0, 4037.5, 5421
79, 2966, 1157, 0.0, 4137.25, 4863
80, 2966, 1157, 0.0, 3993.85, 5614
81, 2966, 1157, 0.0, 4095.7, 5341
82, 2966, 1157, 0.0, 4065.75, 4837
83, 2966, 1157, 0.0, 4055.55, 4624
84, 2966, 1157, 0.0, 4056.2, 5179
85, 2966, 1157, 0.0, 4006.65, 5204
86, 2860, 1157, 0.0, 4095.65, 5330
87, 2860, 1157, 0.0, 4102.45, 4973
88, 2860, 1157, 0.0, 3942.2, 5241
89, 2860, 1157, 0.0, 4154.6, 5784
90, 2860, 1157, 0.0, 4105.1, 5796
91, 2860, 1157, 0.0, 4135.15, 5364
92, 2860, 1157, 0.0, 4058.6, 6148
93, 2860, 1157, 0.0, 4165.45, 4875
94, 2860, 1157, 0.0, 4206.1, 5681
95, 2860, 1157, 0.0, 4061.8, 4892
96, 2860, 1157, 0.0, 4120.55, 6211
97, 2860, 1157, 0.0, 4202.35, 5181
98, 2860, 1157, 0.0, 3943.8, 4597
99, 2860, 1157, 0.0, 4285.95, 5557
100, 2860, 1157, 0.0, 4102.8, 5901
101, 2860, 1157, 0.0, 4266.25, 6372
102, 2860, 1157, 0.0, 4047.1, 5447
103, 2860, 1157, 0.0, 3979.65, 5475
104, 2860, 1157, 0.0, 4363.5, 5775
105, 2860, 1157, 0.0, 4224.55, 5310
106, 2860, 1157, 0.0, 3884.15, 4987
107, 2860, 1157, 0.0, 4304.55, 5333
108, 2860, 1157, 0.0, 4082.35, 5373
109, 2860, 1157, 0.0, 4142.05, 5648
110, 2860, 1157, 0.0, 4306.0, 6949
111, 2860, 1157, 0.0, 4139.9, 5811
112, 2860, 1157, 0.0, 4252.3, 6446
113, 2860, 1157, 0.0, 4349.75, 5472
114, 2860, 1157, 0.0, 4311.0, 5832
115, 2860, 1157, 0.0, 3890.35, 4737
116, 2860, 1157, 0.0, 4470.05, 5721
117, 2860, 1157, 0.0, 4245.75, 5356
118, 2860, 1157, 0.0, 4192.1, 5943
119, 2860, 1157, 0.0, 4154.05, 5415
120, 2860, 1157, 0.0, 4141.35, 5060
121, 2860, 1157, 0.0, 4304.75, 5280
122, 2860, 1157, 0.0, 4287.9, 5246
123, 2860, 1157, 0.0, 4202.0, 5917
124, 2860, 1157, 0.0, 4284.15, 6171
125, 2860, 1157, 0.0, 4134.75, 4920

Execution 10:
Best Solution: [0, 6, 4, 12, 3, 17, 15, 10, 8, 13, 19, 1, 2, 7, 11, 5, 16, 18, 14, 9]
Cost: 2922
Execution Time: 1.4243359565734863 seconds

Results per Iteration:
Iteration, Best Cost, Prizes Collected, Penalties, Average Colony Cost, Worst Solution Cost
1, 4951, 1157, 0.0, 6752.5, 8492
2, 4951, 1157, 0.0, 7269.45, 9320
3, 4677, 1157, 0.0, 6423.2, 8663
4, 4677, 1157, 0.0, 6462.45, 8132
5, 4677, 1157, 0.0, 6551.65, 7859
6, 4677, 1157, 0.0, 6576.1, 7973
7, 4677, 1157, 0.0, 6776.3, 8078
8, 4677, 1157, 0.0, 6894.05, 10088
9, 4677, 1157, 0.0, 6658.5, 7631
10, 4332, 1157, 0.0, 6720.3, 8739
11, 4332, 1157, 0.0, 6170.9, 8778
12, 4332, 1157, 0.0, 6671.95, 8497
13, 4332, 1157, 0.0, 6581.65, 8807
14, 3609, 1157, 0.0, 5832.6, 9340
15, 3609, 1157, 0.0, 6262.85, 8088
16, 3609, 1157, 0.0, 6118.8, 8135
17, 3609, 1157, 0.0, 6259.8, 8436
18, 3609, 1157, 0.0, 6022.35, 8886
19, 3609, 1157, 0.0, 5438.4, 7284
20, 3609, 1157, 0.0, 5364.15, 7020
21, 3609, 1157, 0.0, 5821.1, 8492
22, 3609, 1157, 0.0, 5659.15, 8256
23, 3552, 1157, 0.0, 5322.9, 7077
24, 3552, 1157, 0.0, 5579.55, 7856
25, 3552, 1157, 0.0, 5235.55, 6950
26, 3552, 1157, 0.0, 5109.45, 6865
27, 3552, 1157, 0.0, 5033.95, 7253
28, 3552, 1157, 0.0, 5055.25, 6703
29, 3552, 1157, 0.0, 5186.05, 5977
30, 3552, 1157, 0.0, 5072.9, 6269
31, 3552, 1157, 0.0, 4950.05, 6768
32, 3480, 1157, 0.0, 4781.35, 7056
33, 3480, 1157, 0.0, 4653.25, 5625
34, 3480, 1157, 0.0, 5018.05, 6276
35, 3480, 1157, 0.0, 4777.1, 5652
36, 3405, 1157, 0.0, 4806.5, 6793
37, 3405, 1157, 0.0, 4687.35, 6348
38, 3388, 1157, 0.0, 4567.75, 6110
39, 3388, 1157, 0.0, 4641.1, 6109
40, 3388, 1157, 0.0, 4486.4, 5626
41, 3388, 1157, 0.0, 4608.85, 6010
42, 3388, 1157, 0.0, 4663.8, 5929
43, 3194, 1157, 0.0, 4664.0, 5719
44, 3194, 1157, 0.0, 4617.05, 6689
45, 3194, 1157, 0.0, 4545.15, 6183
46, 3194, 1157, 0.0, 4349.4, 5261
47, 3056, 1157, 0.0, 4394.85, 5867
48, 3056, 1157, 0.0, 4636.6, 6126
49, 2986, 1157, 0.0, 4302.15, 5906
50, 2986, 1157, 0.0, 4446.5, 6277
51, 2986, 1157, 0.0, 4401.35, 5441
52, 2986, 1157, 0.0, 4392.55, 6212
53, 2986, 1157, 0.0, 4307.25, 5533
54, 2986, 1157, 0.0, 4080.8, 4914
55, 2986, 1157, 0.0, 4245.6, 6427
56, 2986, 1157, 0.0, 4258.05, 5954
57, 2986, 1157, 0.0, 4418.15, 6114
58, 2986, 1157, 0.0, 4592.65, 5573
59, 2986, 1157, 0.0, 4355.05, 5993
60, 2986, 1157, 0.0, 4222.85, 6211
61, 2986, 1157, 0.0, 4431.15, 5678
62, 2986, 1157, 0.0, 4414.8, 5667
63, 2986, 1157, 0.0, 4448.6, 5763
64, 2986, 1157, 0.0, 4390.45, 5885
65, 2986, 1157, 0.0, 4313.55, 5526
66, 2986, 1157, 0.0, 4533.25, 5569
67, 2986, 1157, 0.0, 4032.45, 4839
68, 2986, 1157, 0.0, 4434.7, 6266
69, 2986, 1157, 0.0, 4497.85, 6080
70, 2986, 1157, 0.0, 4279.05, 4982
71, 2986, 1157, 0.0, 4232.05, 5423
72, 2986, 1157, 0.0, 4192.95, 5022
73, 2986, 1157, 0.0, 4146.7, 5795
74, 2986, 1157, 0.0, 4190.6, 5839
75, 2986, 1157, 0.0, 4137.5, 5510
76, 2986, 1157, 0.0, 4138.5, 4979
77, 2986, 1157, 0.0, 4179.75, 5875
78, 2986, 1157, 0.0, 4123.15, 5213
79, 2986, 1157, 0.0, 4119.05, 5024
80, 2986, 1157, 0.0, 4147.1, 5369
81, 2986, 1157, 0.0, 4302.85, 5803
82, 2986, 1157, 0.0, 4291.2, 5242
83, 2986, 1157, 0.0, 4264.25, 5626
84, 2986, 1157, 0.0, 4262.9, 5756
85, 2986, 1157, 0.0, 4118.9, 5211
86, 2986, 1157, 0.0, 4359.65, 5769
87, 2986, 1157, 0.0, 4193.2, 5558
88, 2986, 1157, 0.0, 4313.1, 5643
89, 2986, 1157, 0.0, 4158.0, 5871
90, 2986, 1157, 0.0, 4146.3, 5003
91, 2986, 1157, 0.0, 4175.5, 5219
92, 2986, 1157, 0.0, 3974.95, 5048
93, 2964, 1157, 0.0, 3915.05, 4983
94, 2964, 1157, 0.0, 4261.6, 5544
95, 2964, 1157, 0.0, 4014.95, 5546
96, 2964, 1157, 0.0, 4215.1, 5397
97, 2964, 1157, 0.0, 3904.2, 5465
98, 2964, 1157, 0.0, 3875.3, 5038
99, 2964, 1157, 0.0, 4117.9, 6452
100, 2964, 1157, 0.0, 4055.45, 5157
101, 2922, 1157, 0.0, 4048.85, 5344
102, 2922, 1157, 0.0, 4182.25, 5599
103, 2922, 1157, 0.0, 4165.55, 5258
104, 2922, 1157, 0.0, 3993.95, 4880
105, 2922, 1157, 0.0, 4252.05, 5708
106, 2922, 1157, 0.0, 4214.7, 6865
107, 2922, 1157, 0.0, 4434.6, 5924
108, 2922, 1157, 0.0, 3811.4, 4722
109, 2922, 1157, 0.0, 4176.8, 5429
110, 2922, 1157, 0.0, 4009.05, 5058
111, 2922, 1157, 0.0, 3986.55, 6062
112, 2922, 1157, 0.0, 4505.1, 5483
113, 2922, 1157, 0.0, 4267.3, 4883
114, 2922, 1157, 0.0, 4164.25, 6430
115, 2922, 1157, 0.0, 4257.05, 5833
116, 2922, 1157, 0.0, 4023.25, 5714
117, 2922, 1157, 0.0, 4147.15, 5131
118, 2922, 1157, 0.0, 4157.6, 5077
119, 2922, 1157, 0.0, 4139.7, 5326
120, 2922, 1157, 0.0, 3911.05, 5034
121, 2922, 1157, 0.0, 4092.7, 5129
122, 2922, 1157, 0.0, 4180.9, 5903
123, 2922, 1157, 0.0, 3933.9, 4992
124, 2922, 1157, 0.0, 4222.15, 5700
125, 2922, 1157, 0.0, 4166.95, 5313

Total Average Cost: 2917.8
Total Execution Time: 14.197253704071045 seconds
