Parameters:
num_ants = 30
num_iterations = 100
alpha = 0.9
beta = 0.7
rho = 0.15
Q = 125

Execution 1:
Best Solution: [0, 7, 1, 13, 2, 12, 3, 5, 4, 9, 14, 6, 11, 8, 10]
Cost: 2238
Execution Time: 1.1242663860321045 seconds

Results per Iteration:
Iteration, Best Cost, Prizes Collected, Penalties, Average Colony Cost, Worst Solution Cost
1, 4707, 674, 0.0, 6462.933333333333, 8296
2, 4443, 674, 0.0, 6369.433333333333, 8474
3, 3992, 674, 0.0, 6155.333333333333, 9018
4, 3992, 674, 0.0, 6442.433333333333, 7797
5, 3992, 674, 0.0, 6366.4, 10039
6, 3992, 674, 0.0, 6381.766666666666, 8447
7, 3992, 674, 0.0, 6029.4, 7478
8, 3992, 674, 0.0, 6108.866666666667, 7809
9, 3992, 674, 0.0, 5902.766666666666, 7321
10, 3992, 674, 0.0, 5812.3, 7644
11, 3992, 674, 0.0, 5578.0, 7434
12, 3711, 674, 0.0, 5390.966666666666, 6699
13, 3711, 674, 0.0, 5714.566666666667, 8141
14, 3711, 674, 0.0, 5342.433333333333, 7035
15, 3437, 674, 0.0, 5265.266666666666, 6664
16, 3437, 674, 0.0, 5442.4, 7226
17, 3437, 674, 0.0, 5082.7, 6532
18, 3142, 674, 0.0, 5098.7, 6691
19, 2761, 674, 0.0, 4890.933333333333, 6899
20, 2567, 674, 0.0, 4448.633333333333, 6300
21, 2567, 674, 0.0, 4787.2, 5906
22, 2567, 674, 0.0, 4774.233333333334, 6007
23, 2567, 674, 0.0, 4896.6, 6965
24, 2567, 674, 0.0, 4835.233333333334, 6700
25, 2567, 674, 0.0, 4610.366666666667, 7446
26, 2564, 674, 0.0, 4404.733333333334, 6524
27, 2564, 674, 0.0, 4552.8, 6775
28, 2564, 674, 0.0, 4477.9, 6029
29, 2564, 674, 0.0, 4519.266666666666, 6125
30, 2564, 674, 0.0, 4028.5333333333333, 4911
31, 2342, 674, 0.0, 4405.766666666666, 6793
32, 2342, 674, 0.0, 4160.666666666667, 6201
33, 2342, 674, 0.0, 4097.633333333333, 5899
34, 2342, 674, 0.0, 4035.5666666666666, 5351
35, 2342, 674, 0.0, 4216.966666666666, 5732
36, 2342, 674, 0.0, 4083.633333333333, 5369
37, 2342, 674, 0.0, 4201.3, 5953
38, 2342, 674, 0.0, 4087.9, 5798
39, 2342, 674, 0.0, 3900.9333333333334, 5298
40, 2342, 674, 0.0, 4071.5333333333333, 5057
41, 2342, 674, 0.0, 4134.333333333333, 5639
42, 2342, 674, 0.0, 3991.7, 5382
43, 2342, 674, 0.0, 4136.133333333333, 5556
44, 2342, 674, 0.0, 3803.5, 5619
45, 2342, 674, 0.0, 3973.4666666666667, 6183
46, 2342, 674, 0.0, 4008.366666666667, 5520
47, 2342, 674, 0.0, 3591.366666666667, 5710
48, 2342, 674, 0.0, 3969.266666666667, 6414
49, 2342, 674, 0.0, 3775.866666666667, 4941
50, 2342, 674, 0.0, 3927.633333333333, 5384
51, 2342, 674, 0.0, 3863.0, 5700
52, 2342, 674, 0.0, 3821.5666666666666, 5132
53, 2300, 674, 0.0, 3819.733333333333, 5611
54, 2300, 674, 0.0, 3822.0333333333333, 5447
55, 2300, 674, 0.0, 3650.1666666666665, 4853
56, 2300, 674, 0.0, 3699.0333333333333, 5011
57, 2300, 674, 0.0, 3990.5666666666666, 5674
58, 2300, 674, 0.0, 3750.866666666667, 5221
59, 2238, 674, 0.0, 3567.4666666666667, 5200
60, 2238, 674, 0.0, 3717.5333333333333, 5548
61, 2238, 674, 0.0, 3802.8, 5263
62, 2238, 674, 0.0, 4040.1666666666665, 5674
63, 2238, 674, 0.0, 3640.1666666666665, 4844
64, 2238, 674, 0.0, 3658.0333333333333, 5034
65, 2238, 674, 0.0, 3876.0, 5219
66, 2238, 674, 0.0, 3628.766666666667, 4754
67, 2238, 674, 0.0, 3740.9, 5125
68, 2238, 674, 0.0, 3552.0333333333333, 4838
69, 2238, 674, 0.0, 3739.4666666666667, 5650
70, 2238, 674, 0.0, 3564.766666666667, 4819
71, 2238, 674, 0.0, 3650.9333333333334, 5042
72, 2238, 674, 0.0, 3764.9, 5302
73, 2238, 674, 0.0, 3684.733333333333, 5461
74, 2238, 674, 0.0, 3798.733333333333, 5210
75, 2238, 674, 0.0, 3836.4, 6170
76, 2238, 674, 0.0, 3703.133333333333, 5484
77, 2238, 674, 0.0, 3844.8, 6074
78, 2238, 674, 0.0, 3695.733333333333, 6331
79, 2238, 674, 0.0, 3654.8333333333335, 5749
80, 2238, 674, 0.0, 3695.1666666666665, 4988
81, 2238, 674, 0.0, 3559.233333333333, 4974
82, 2238, 674, 0.0, 3665.2, 5587
83, 2238, 674, 0.0, 3611.4666666666667, 4938
84, 2238, 674, 0.0, 3683.0, 4829
85, 2238, 674, 0.0, 3725.3, 5312
86, 2238, 674, 0.0, 3822.133333333333, 6180
87, 2238, 674, 0.0, 3618.733333333333, 5300
88, 2238, 674, 0.0, 3640.1666666666665, 5849
89, 2238, 674, 0.0, 3848.7, 5188
90, 2238, 674, 0.0, 3529.0, 4688
91, 2238, 674, 0.0, 3711.8333333333335, 5372
92, 2238, 674, 0.0, 3573.3333333333335, 4870
93, 2238, 674, 0.0, 3465.3, 5589
94, 2238, 674, 0.0, 3440.1666666666665, 5145
95, 2238, 674, 0.0, 3761.0, 5981
96, 2238, 674, 0.0, 3631.9, 5956
97, 2238, 674, 0.0, 3759.9, 4949
98, 2238, 674, 0.0, 3700.1, 5456
99, 2238, 674, 0.0, 3800.733333333333, 5163
100, 2238, 674, 0.0, 3571.8, 5370

Execution 2:
Best Solution: [0, 7, 1, 13, 2, 12, 3, 5, 4, 9, 14, 6, 11, 8, 10]
Cost: 2238
Execution Time: 1.125807762145996 seconds

Results per Iteration:
Iteration, Best Cost, Prizes Collected, Penalties, Average Colony Cost, Worst Solution Cost
1, 2880, 674, 0.0, 6009.2, 8427
2, 2880, 674, 0.0, 6321.3, 8706
3, 2880, 674, 0.0, 6506.1, 8976
4, 2880, 674, 0.0, 6401.566666666667, 8178
5, 2880, 674, 0.0, 6479.466666666666, 8132
6, 2880, 674, 0.0, 6194.233333333334, 7750
7, 2880, 674, 0.0, 5981.733333333334, 8327
8, 2880, 674, 0.0, 5748.6, 7749
9, 2880, 674, 0.0, 5661.666666666667, 7596
10, 2880, 674, 0.0, 5540.3, 7419
11, 2880, 674, 0.0, 5405.266666666666, 6676
12, 2812, 674, 0.0, 5594.133333333333, 8076
13, 2812, 674, 0.0, 5408.033333333334, 7123
14, 2812, 674, 0.0, 5178.466666666666, 6994
15, 2812, 674, 0.0, 5238.7, 6695
16, 2812, 674, 0.0, 5186.566666666667, 6578
17, 2812, 674, 0.0, 5125.8, 6932
18, 2812, 674, 0.0, 5248.833333333333, 7267
19, 2812, 674, 0.0, 4963.633333333333, 6184
20, 2812, 674, 0.0, 4834.4, 7292
21, 2812, 674, 0.0, 4654.1, 5751
22, 2812, 674, 0.0, 4655.266666666666, 6136
23, 2812, 674, 0.0, 4508.8, 6353
24, 2669, 674, 0.0, 4662.1, 6399
25, 2669, 674, 0.0, 4482.366666666667, 6269
26, 2669, 674, 0.0, 4522.5, 5596
27, 2669, 674, 0.0, 4668.533333333334, 6053
28, 2669, 674, 0.0, 4427.333333333333, 5623
29, 2669, 674, 0.0, 4168.6, 6657
30, 2388, 674, 0.0, 4276.5, 6475
31, 2360, 674, 0.0, 4483.366666666667, 6121
32, 2360, 674, 0.0, 4360.466666666666, 5347
33, 2360, 674, 0.0, 4319.233333333334, 5784
34, 2360, 674, 0.0, 4261.6, 6217
35, 2360, 674, 0.0, 4288.366666666667, 6052
36, 2360, 674, 0.0, 4138.433333333333, 5426
37, 2360, 674, 0.0, 4317.066666666667, 5429
38, 2360, 674, 0.0, 3930.266666666667, 6339
39, 2360, 674, 0.0, 4098.7, 5252
40, 2360, 674, 0.0, 4180.633333333333, 4914
41, 2360, 674, 0.0, 3928.266666666667, 5157
42, 2360, 674, 0.0, 4207.166666666667, 5461
43, 2360, 674, 0.0, 4170.533333333334, 5702
44, 2360, 674, 0.0, 4168.3, 5949
45, 2360, 674, 0.0, 3855.9666666666667, 5363
46, 2360, 674, 0.0, 3726.9, 4497
47, 2360, 674, 0.0, 3909.4666666666667, 5108
48, 2360, 674, 0.0, 3912.0333333333333, 5075
49, 2360, 674, 0.0, 3833.633333333333, 5324
50, 2360, 674, 0.0, 4023.9666666666667, 5638
51, 2360, 674, 0.0, 3882.8333333333335, 5247
52, 2360, 674, 0.0, 3934.233333333333, 5543
53, 2360, 674, 0.0, 3846.133333333333, 4691
54, 2360, 674, 0.0, 4100.466666666666, 5728
55, 2360, 674, 0.0, 3768.266666666667, 5855
56, 2360, 674, 0.0, 3817.1, 5571
57, 2360, 674, 0.0, 3802.4333333333334, 5102
58, 2360, 674, 0.0, 3939.5666666666666, 5547
59, 2360, 674, 0.0, 3950.1666666666665, 6268
60, 2360, 674, 0.0, 3907.2, 5027
61, 2360, 674, 0.0, 3926.8, 5483
62, 2360, 674, 0.0, 3760.866666666667, 5762
63, 2360, 674, 0.0, 3926.6666666666665, 6087
64, 2360, 674, 0.0, 3800.6, 5780
65, 2360, 674, 0.0, 4050.233333333333, 6282
66, 2340, 674, 0.0, 3494.266666666667, 4541
67, 2238, 674, 0.0, 3593.4666666666667, 4759
68, 2238, 674, 0.0, 4018.4666666666667, 5575
69, 2238, 674, 0.0, 3754.0, 5281
70, 2238, 674, 0.0, 3909.9, 5932
71, 2238, 674, 0.0, 3760.633333333333, 4927
72, 2238, 674, 0.0, 3622.0333333333333, 5098
73, 2238, 674, 0.0, 3550.0, 4936
74, 2238, 674, 0.0, 3674.4, 5708
75, 2238, 674, 0.0, 3700.5333333333333, 5419
76, 2238, 674, 0.0, 3470.1666666666665, 4963
77, 2238, 674, 0.0, 3690.633333333333, 4706
78, 2238, 674, 0.0, 3612.9666666666667, 4970
79, 2238, 674, 0.0, 3561.3, 5223
80, 2238, 674, 0.0, 3590.766666666667, 4706
81, 2238, 674, 0.0, 3712.9333333333334, 5381
82, 2238, 674, 0.0, 3779.266666666667, 4785
83, 2238, 674, 0.0, 3702.6, 4899
84, 2238, 674, 0.0, 3577.233333333333, 5573
85, 2238, 674, 0.0, 3550.266666666667, 4658
86, 2238, 674, 0.0, 3672.133333333333, 5471
87, 2238, 674, 0.0, 3520.3, 4967
88, 2238, 674, 0.0, 3624.3, 4536
89, 2238, 674, 0.0, 3747.633333333333, 5101
90, 2238, 674, 0.0, 3879.6, 4823
91, 2238, 674, 0.0, 3669.4, 5537
92, 2238, 674, 0.0, 3473.4333333333334, 5450
93, 2238, 674, 0.0, 3679.1, 5592
94, 2238, 674, 0.0, 3747.4, 5246
95, 2238, 674, 0.0, 3670.233333333333, 4912
96, 2238, 674, 0.0, 3590.4, 4733
97, 2238, 674, 0.0, 3651.633333333333, 4682
98, 2238, 674, 0.0, 3865.5666666666666, 5621
99, 2238, 674, 0.0, 3558.633333333333, 4801
100, 2238, 674, 0.0, 3890.4, 5075

Execution 3:
Best Solution: [0, 7, 1, 13, 2, 12, 3, 5, 4, 9, 14, 6, 11, 8, 10]
Cost: 2238
Execution Time: 1.1250135898590088 seconds

Results per Iteration:
Iteration, Best Cost, Prizes Collected, Penalties, Average Colony Cost, Worst Solution Cost
1, 4003, 674, 0.0, 6110.766666666666, 7591
2, 3651, 674, 0.0, 6274.166666666667, 8449
3, 3651, 674, 0.0, 6215.033333333334, 8052
4, 3651, 674, 0.0, 6040.9, 7923
5, 3420, 674, 0.0, 6053.966666666666, 8521
6, 3420, 674, 0.0, 6036.033333333334, 9647
7, 3420, 674, 0.0, 5636.9, 7125
8, 3420, 674, 0.0, 5996.233333333334, 7823
9, 3420, 674, 0.0, 5861.933333333333, 8039
10, 3420, 674, 0.0, 5768.666666666667, 8015
11, 3420, 674, 0.0, 5624.3, 7471
12, 3420, 674, 0.0, 5171.466666666666, 7019
13, 3420, 674, 0.0, 5591.466666666666, 7315
14, 3420, 674, 0.0, 5204.233333333334, 7034
15, 3420, 674, 0.0, 4908.8, 6404
16, 3420, 674, 0.0, 5103.933333333333, 7584
17, 3378, 674, 0.0, 4903.933333333333, 6382
18, 3378, 674, 0.0, 4984.333333333333, 6640
19, 3378, 674, 0.0, 4910.7, 6444
20, 3378, 674, 0.0, 4789.966666666666, 6458
21, 3378, 674, 0.0, 4728.233333333334, 6178
22, 3378, 674, 0.0, 4791.6, 6063
23, 3179, 674, 0.0, 4736.733333333334, 7449
24, 2974, 674, 0.0, 4652.733333333334, 6132
25, 2238, 674, 0.0, 4487.933333333333, 7079
26, 2238, 674, 0.0, 4512.3, 5722
27, 2238, 674, 0.0, 4643.0, 6725
28, 2238, 674, 0.0, 4289.166666666667, 5881
29, 2238, 674, 0.0, 4398.7, 5903
30, 2238, 674, 0.0, 4219.266666666666, 5377
31, 2238, 674, 0.0, 4320.833333333333, 6474
32, 2238, 674, 0.0, 4240.333333333333, 5631
33, 2238, 674, 0.0, 4220.3, 6456
34, 2238, 674, 0.0, 4250.5, 5582
35, 2238, 674, 0.0, 4110.2, 5519
36, 2238, 674, 0.0, 4134.833333333333, 6281
37, 2238, 674, 0.0, 3991.5333333333333, 5430
38, 2238, 674, 0.0, 4035.266666666667, 5858
39, 2238, 674, 0.0, 3977.0, 5030
40, 2238, 674, 0.0, 4175.733333333334, 6045
41, 2238, 674, 0.0, 3870.1, 5632
42, 2238, 674, 0.0, 4137.933333333333, 5184
43, 2238, 674, 0.0, 3941.6, 5197
44, 2238, 674, 0.0, 4076.8, 5527
45, 2238, 674, 0.0, 4107.233333333334, 5634
46, 2238, 674, 0.0, 3957.4666666666667, 5076
47, 2238, 674, 0.0, 4023.0333333333333, 5867
48, 2238, 674, 0.0, 4208.833333333333, 5531
49, 2238, 674, 0.0, 4196.266666666666, 5510
50, 2238, 674, 0.0, 4063.2, 5065
51, 2238, 674, 0.0, 4073.9333333333334, 6059
52, 2238, 674, 0.0, 4084.0666666666666, 5540
53, 2238, 674, 0.0, 3931.9333333333334, 5523
54, 2238, 674, 0.0, 3970.5666666666666, 5978
55, 2238, 674, 0.0, 3794.0666666666666, 5115
56, 2238, 674, 0.0, 3854.266666666667, 5048
57, 2238, 674, 0.0, 3766.366666666667, 4823
58, 2238, 674, 0.0, 3830.866666666667, 5221
59, 2238, 674, 0.0, 3959.9333333333334, 5282
60, 2238, 674, 0.0, 3992.733333333333, 5419
61, 2238, 674, 0.0, 3717.133333333333, 5147
62, 2238, 674, 0.0, 3769.633333333333, 5194
63, 2238, 674, 0.0, 3731.8333333333335, 5842
64, 2238, 674, 0.0, 3959.3333333333335, 5766
65, 2238, 674, 0.0, 3629.1666666666665, 4833
66, 2238, 674, 0.0, 3741.6, 5607
67, 2238, 674, 0.0, 3699.866666666667, 5810
68, 2238, 674, 0.0, 3865.9, 5222
69, 2238, 674, 0.0, 3731.3333333333335, 5108
70, 2238, 674, 0.0, 3715.3, 4887
71, 2238, 674, 0.0, 3908.733333333333, 5582
72, 2238, 674, 0.0, 3794.8333333333335, 5768
73, 2238, 674, 0.0, 3819.8333333333335, 5060
74, 2238, 674, 0.0, 3682.0666666666666, 4990
75, 2238, 674, 0.0, 3836.4, 5274
76, 2238, 674, 0.0, 3788.4666666666667, 5280
77, 2238, 674, 0.0, 3807.8, 5513
78, 2238, 674, 0.0, 3811.733333333333, 5480
79, 2238, 674, 0.0, 3732.866666666667, 5943
80, 2238, 674, 0.0, 3708.7, 5154
81, 2238, 674, 0.0, 3696.9333333333334, 6212
82, 2238, 674, 0.0, 3728.6, 4802
83, 2238, 674, 0.0, 3713.3333333333335, 5915
84, 2238, 674, 0.0, 3635.1, 5353
85, 2238, 674, 0.0, 3673.233333333333, 5417
86, 2238, 674, 0.0, 3801.1, 5322
87, 2238, 674, 0.0, 3383.8, 4301
88, 2238, 674, 0.0, 3953.133333333333, 5729
89, 2238, 674, 0.0, 3765.9, 5782
90, 2238, 674, 0.0, 3678.8, 5051
91, 2238, 674, 0.0, 3863.0333333333333, 6242
92, 2238, 674, 0.0, 3951.8333333333335, 5724
93, 2238, 674, 0.0, 3737.6666666666665, 5741
94, 2238, 674, 0.0, 3966.3, 5005
95, 2238, 674, 0.0, 3770.5333333333333, 5319
96, 2238, 674, 0.0, 3724.2, 5334
97, 2238, 674, 0.0, 3679.7, 4807
98, 2238, 674, 0.0, 3753.266666666667, 5645
99, 2238, 674, 0.0, 3873.633333333333, 5163
100, 2238, 674, 0.0, 3814.7, 5337

Execution 4:
Best Solution: [0, 7, 1, 13, 2, 12, 3, 5, 4, 9, 14, 6, 11, 8, 10]
Cost: 2238
Execution Time: 1.1210274696350098 seconds

Results per Iteration:
Iteration, Best Cost, Prizes Collected, Penalties, Average Colony Cost, Worst Solution Cost
1, 4847, 674, 0.0, 6301.466666666666, 8449
2, 4523, 674, 0.0, 6612.866666666667, 8414
3, 4122, 674, 0.0, 6292.2, 8035
4, 4122, 674, 0.0, 6195.5, 8214
5, 4122, 674, 0.0, 6030.966666666666, 7390
6, 4122, 674, 0.0, 6310.1, 8817
7, 4122, 674, 0.0, 6019.766666666666, 7910
8, 4122, 674, 0.0, 5938.833333333333, 7213
9, 4122, 674, 0.0, 5842.033333333334, 8235
10, 4122, 674, 0.0, 6012.366666666667, 7759
11, 4122, 674, 0.0, 5535.233333333334, 6952
12, 3560, 674, 0.0, 5309.733333333334, 6690
13, 3560, 674, 0.0, 5580.133333333333, 7323
14, 3560, 674, 0.0, 5337.733333333334, 7851
15, 3369, 674, 0.0, 5471.133333333333, 8465
16, 3369, 674, 0.0, 5108.1, 6959
17, 3021, 674, 0.0, 5096.133333333333, 7179
18, 3021, 674, 0.0, 5116.433333333333, 7245
19, 3021, 674, 0.0, 4808.233333333334, 6609
20, 3021, 674, 0.0, 5041.866666666667, 6442
21, 2949, 674, 0.0, 4910.233333333334, 6795
22, 2536, 674, 0.0, 4573.466666666666, 6020
23, 2536, 674, 0.0, 4616.1, 5923
24, 2536, 674, 0.0, 4571.466666666666, 6480
25, 2536, 674, 0.0, 4327.966666666666, 5615
26, 2238, 674, 0.0, 4103.766666666666, 5371
27, 2238, 674, 0.0, 4287.2, 6182
28, 2238, 674, 0.0, 4483.066666666667, 6132
29, 2238, 674, 0.0, 4135.9, 5879
30, 2238, 674, 0.0, 4377.666666666667, 6301
31, 2238, 674, 0.0, 4446.733333333334, 6652
32, 2238, 674, 0.0, 4367.166666666667, 6001
33, 2238, 674, 0.0, 4152.1, 5500
34, 2238, 674, 0.0, 4177.033333333334, 6442
35, 2238, 674, 0.0, 4347.3, 5770
36, 2238, 674, 0.0, 4175.766666666666, 6119
37, 2238, 674, 0.0, 4122.2, 5750
38, 2238, 674, 0.0, 4014.133333333333, 5507
39, 2238, 674, 0.0, 3780.0333333333333, 5303
40, 2238, 674, 0.0, 4099.433333333333, 5823
41, 2238, 674, 0.0, 3970.4666666666667, 5932
42, 2238, 674, 0.0, 4364.233333333334, 5623
43, 2238, 674, 0.0, 4041.5666666666666, 5377
44, 2238, 674, 0.0, 4028.233333333333, 5400
45, 2238, 674, 0.0, 3794.2, 4935
46, 2238, 674, 0.0, 3921.4, 5832
47, 2238, 674, 0.0, 3860.3333333333335, 5243
48, 2238, 674, 0.0, 3922.9666666666667, 5128
49, 2238, 674, 0.0, 3869.0333333333333, 5627
50, 2238, 674, 0.0, 3714.1666666666665, 4914
51, 2238, 674, 0.0, 3825.9666666666667, 5526
52, 2238, 674, 0.0, 3799.8, 5278
53, 2238, 674, 0.0, 3726.133333333333, 5660
54, 2238, 674, 0.0, 3817.866666666667, 5274
55, 2238, 674, 0.0, 3734.733333333333, 5389
56, 2238, 674, 0.0, 4002.633333333333, 5499
57, 2238, 674, 0.0, 3893.733333333333, 5211
58, 2238, 674, 0.0, 3871.133333333333, 5668
59, 2238, 674, 0.0, 3680.8, 4535
60, 2238, 674, 0.0, 3906.766666666667, 6962
61, 2238, 674, 0.0, 3777.733333333333, 5269
62, 2238, 674, 0.0, 3897.8333333333335, 5143
63, 2238, 674, 0.0, 4054.133333333333, 5435
64, 2238, 674, 0.0, 3819.766666666667, 5085
65, 2238, 674, 0.0, 3965.2, 5464
66, 2238, 674, 0.0, 3693.766666666667, 4709
67, 2238, 674, 0.0, 3975.766666666667, 5393
68, 2238, 674, 0.0, 3607.0, 4878
69, 2238, 674, 0.0, 3690.5333333333333, 6001
70, 2238, 674, 0.0, 3643.1, 4670
71, 2238, 674, 0.0, 3828.233333333333, 5199
72, 2238, 674, 0.0, 3841.3333333333335, 5160
73, 2238, 674, 0.0, 3535.3333333333335, 5188
74, 2238, 674, 0.0, 3711.633333333333, 4795
75, 2238, 674, 0.0, 3662.233333333333, 5615
76, 2238, 674, 0.0, 3939.1666666666665, 5676
77, 2238, 674, 0.0, 3749.2, 5490
78, 2238, 674, 0.0, 3968.866666666667, 5842
79, 2238, 674, 0.0, 3828.4666666666667, 5704
80, 2238, 674, 0.0, 3741.8333333333335, 4944
81, 2238, 674, 0.0, 3674.5, 5071
82, 2238, 674, 0.0, 3787.3333333333335, 4743
83, 2238, 674, 0.0, 3860.266666666667, 5819
84, 2238, 674, 0.0, 3674.0333333333333, 5742
85, 2238, 674, 0.0, 3840.9666666666667, 6054
86, 2238, 674, 0.0, 3780.9666666666667, 5217
87, 2238, 674, 0.0, 3598.133333333333, 4813
88, 2238, 674, 0.0, 3780.4, 5851
89, 2238, 674, 0.0, 3589.9333333333334, 4726
90, 2238, 674, 0.0, 3628.866666666667, 5140
91, 2238, 674, 0.0, 3831.1666666666665, 5023
92, 2238, 674, 0.0, 3597.733333333333, 4905
93, 2238, 674, 0.0, 3903.8, 5817
94, 2238, 674, 0.0, 3687.0, 5731
95, 2238, 674, 0.0, 3670.0, 4853
96, 2238, 674, 0.0, 3754.7, 5293
97, 2238, 674, 0.0, 3998.9333333333334, 5429
98, 2238, 674, 0.0, 3842.0333333333333, 5254
99, 2238, 674, 0.0, 3735.866666666667, 4721
100, 2238, 674, 0.0, 3790.9666666666667, 5215

Execution 5:
Best Solution: [0, 7, 1, 13, 2, 12, 3, 5, 4, 9, 14, 6, 11, 8, 10]
Cost: 2238
Execution Time: 1.1239972114562988 seconds

Results per Iteration:
Iteration, Best Cost, Prizes Collected, Penalties, Average Colony Cost, Worst Solution Cost
1, 4768, 674, 0.0, 6401.333333333333, 8569
2, 4768, 674, 0.0, 6590.333333333333, 8652
3, 4768, 674, 0.0, 6350.566666666667, 8358
4, 4470, 674, 0.0, 6398.433333333333, 8631
5, 3270, 674, 0.0, 6041.566666666667, 7698
6, 3270, 674, 0.0, 6370.733333333334, 8456
7, 3270, 674, 0.0, 6058.233333333334, 7530
8, 3270, 674, 0.0, 5777.766666666666, 7536
9, 3270, 674, 0.0, 5560.766666666666, 8609
10, 3270, 674, 0.0, 5721.366666666667, 7435
11, 3270, 674, 0.0, 5519.266666666666, 6570
12, 3270, 674, 0.0, 5515.5, 7654
13, 3022, 674, 0.0, 5443.866666666667, 7082
14, 3022, 674, 0.0, 5498.366666666667, 8524
15, 3022, 674, 0.0, 5215.266666666666, 7059
16, 2816, 674, 0.0, 5252.433333333333, 6886
17, 2816, 674, 0.0, 5176.733333333334, 6453
18, 2816, 674, 0.0, 4880.766666666666, 7125
19, 2816, 674, 0.0, 4847.9, 7327
20, 2816, 674, 0.0, 5089.333333333333, 7610
21, 2547, 674, 0.0, 4810.233333333334, 6738
22, 2547, 674, 0.0, 4697.833333333333, 6384
23, 2547, 674, 0.0, 4776.366666666667, 6469
24, 2547, 674, 0.0, 4834.333333333333, 6152
25, 2547, 674, 0.0, 4905.733333333334, 6475
26, 2547, 674, 0.0, 4444.766666666666, 6317
27, 2547, 674, 0.0, 4525.133333333333, 6746
28, 2547, 674, 0.0, 4553.866666666667, 6138
29, 2547, 674, 0.0, 4444.766666666666, 5895
30, 2547, 674, 0.0, 4638.766666666666, 5924
31, 2547, 674, 0.0, 4591.3, 7290
32, 2547, 674, 0.0, 4206.066666666667, 6057
33, 2547, 674, 0.0, 4493.1, 6661
34, 2547, 674, 0.0, 4226.766666666666, 5612
35, 2519, 674, 0.0, 4197.7, 6615
36, 2519, 674, 0.0, 4055.9666666666667, 5256
37, 2519, 674, 0.0, 4215.966666666666, 6199
38, 2519, 674, 0.0, 4337.766666666666, 5424
39, 2519, 674, 0.0, 4326.633333333333, 5812
40, 2519, 674, 0.0, 4446.233333333334, 6045
41, 2519, 674, 0.0, 4158.766666666666, 5857
42, 2519, 674, 0.0, 4212.6, 6349
43, 2519, 674, 0.0, 3798.733333333333, 5177
44, 2519, 674, 0.0, 4012.5666666666666, 5687
45, 2519, 674, 0.0, 4058.9666666666667, 4982
46, 2519, 674, 0.0, 3987.5666666666666, 5718
47, 2519, 674, 0.0, 4371.266666666666, 5986
48, 2519, 674, 0.0, 4236.1, 5657
49, 2519, 674, 0.0, 4395.866666666667, 5975
50, 2519, 674, 0.0, 4058.733333333333, 5360
51, 2485, 674, 0.0, 4131.766666666666, 5537
52, 2485, 674, 0.0, 4151.633333333333, 5375
53, 2485, 674, 0.0, 3904.6, 5422
54, 2485, 674, 0.0, 4191.166666666667, 5475
55, 2485, 674, 0.0, 4096.033333333334, 5925
56, 2475, 674, 0.0, 3900.9666666666667, 5556
57, 2475, 674, 0.0, 3919.0333333333333, 5656
58, 2475, 674, 0.0, 3941.9666666666667, 5398
59, 2238, 674, 0.0, 3957.9666666666667, 5729
60, 2238, 674, 0.0, 3881.0333333333333, 4792
61, 2238, 674, 0.0, 3852.633333333333, 5473
62, 2238, 674, 0.0, 3848.266666666667, 4828
63, 2238, 674, 0.0, 3943.0, 5437
64, 2238, 674, 0.0, 3928.866666666667, 6202
65, 2238, 674, 0.0, 3773.266666666667, 4537
66, 2238, 674, 0.0, 3974.9333333333334, 5554
67, 2238, 674, 0.0, 3673.233333333333, 5494
68, 2238, 674, 0.0, 4028.9333333333334, 5651
69, 2238, 674, 0.0, 3869.5333333333333, 5425
70, 2238, 674, 0.0, 3848.133333333333, 4990
71, 2238, 674, 0.0, 3879.6, 5585
72, 2238, 674, 0.0, 3769.8, 4983
73, 2238, 674, 0.0, 3756.4333333333334, 5024
74, 2238, 674, 0.0, 3682.9666666666667, 6052
75, 2238, 674, 0.0, 3819.266666666667, 5448
76, 2238, 674, 0.0, 3950.3333333333335, 5002
77, 2238, 674, 0.0, 3762.5666666666666, 5397
78, 2238, 674, 0.0, 3670.233333333333, 4855
79, 2238, 674, 0.0, 3710.2, 5045
80, 2238, 674, 0.0, 3749.4, 4903
81, 2238, 674, 0.0, 3798.366666666667, 5226
82, 2238, 674, 0.0, 3826.3, 5212
83, 2238, 674, 0.0, 3840.5333333333333, 5334
84, 2238, 674, 0.0, 4032.1666666666665, 5545
85, 2238, 674, 0.0, 3610.9, 5744
86, 2238, 674, 0.0, 3496.7, 4852
87, 2238, 674, 0.0, 3625.8333333333335, 5028
88, 2238, 674, 0.0, 3610.9, 4803
89, 2238, 674, 0.0, 3576.9333333333334, 4635
90, 2238, 674, 0.0, 3724.4666666666667, 5234
91, 2238, 674, 0.0, 3734.5333333333333, 5379
92, 2238, 674, 0.0, 3631.5, 4904
93, 2238, 674, 0.0, 3584.5333333333333, 4946
94, 2238, 674, 0.0, 3765.2, 5197
95, 2238, 674, 0.0, 3683.3, 5016
96, 2238, 674, 0.0, 3725.0, 5771
97, 2238, 674, 0.0, 3843.6666666666665, 5489
98, 2238, 674, 0.0, 3471.5666666666666, 5027
99, 2238, 674, 0.0, 3737.1666666666665, 5277
100, 2238, 674, 0.0, 3731.8, 4830

Execution 6:
Best Solution: [0, 7, 1, 13, 2, 12, 3, 5, 4, 9, 14, 6, 11, 8, 10]
Cost: 2238
Execution Time: 1.142507791519165 seconds

Results per Iteration:
Iteration, Best Cost, Prizes Collected, Penalties, Average Colony Cost, Worst Solution Cost
1, 4618, 674, 0.0, 6637.766666666666, 8728
2, 4442, 674, 0.0, 6465.933333333333, 8113
3, 4442, 674, 0.0, 6344.8, 7751
4, 4442, 674, 0.0, 6272.133333333333, 7666
5, 4442, 674, 0.0, 6293.7, 8653
6, 4219, 674, 0.0, 6012.833333333333, 8473
7, 4149, 674, 0.0, 5910.4, 7704
8, 3566, 674, 0.0, 5807.066666666667, 8607
9, 3566, 674, 0.0, 5853.833333333333, 8234
10, 3566, 674, 0.0, 5896.4, 7895
11, 3566, 674, 0.0, 5675.766666666666, 7790
12, 3476, 674, 0.0, 5194.933333333333, 6728
13, 3476, 674, 0.0, 5627.233333333334, 8013
14, 3476, 674, 0.0, 5009.466666666666, 6324
15, 2536, 674, 0.0, 5198.533333333334, 7403
16, 2536, 674, 0.0, 5005.833333333333, 6586
17, 2536, 674, 0.0, 4850.266666666666, 6602
18, 2536, 674, 0.0, 4900.566666666667, 7362
19, 2536, 674, 0.0, 5024.733333333334, 6171
20, 2536, 674, 0.0, 4963.5, 6533
21, 2536, 674, 0.0, 4508.1, 5723
22, 2536, 674, 0.0, 4709.233333333334, 6265
23, 2536, 674, 0.0, 4493.8, 6457
24, 2536, 674, 0.0, 4415.833333333333, 5705
25, 2536, 674, 0.0, 4411.033333333334, 5593
26, 2536, 674, 0.0, 4392.766666666666, 5757
27, 2536, 674, 0.0, 4567.766666666666, 5814
28, 2536, 674, 0.0, 4461.766666666666, 5835
29, 2536, 674, 0.0, 4291.266666666666, 5633
30, 2536, 674, 0.0, 4314.733333333334, 6500
31, 2536, 674, 0.0, 4346.1, 6226
32, 2536, 674, 0.0, 4289.666666666667, 5994
33, 2536, 674, 0.0, 3978.3, 5479
34, 2536, 674, 0.0, 4155.066666666667, 5774
35, 2514, 674, 0.0, 4135.866666666667, 5630
36, 2514, 674, 0.0, 4230.966666666666, 6190
37, 2514, 674, 0.0, 4324.233333333334, 6614
38, 2426, 674, 0.0, 4167.3, 5315
39, 2426, 674, 0.0, 4178.766666666666, 5800
40, 2426, 674, 0.0, 4146.266666666666, 6147
41, 2426, 674, 0.0, 4311.1, 6375
42, 2426, 674, 0.0, 3843.6, 5945
43, 2426, 674, 0.0, 4053.4666666666667, 5698
44, 2426, 674, 0.0, 4015.0666666666666, 5686
45, 2426, 674, 0.0, 4077.1, 5563
46, 2426, 674, 0.0, 4227.533333333334, 5771
47, 2426, 674, 0.0, 3906.6, 5181
48, 2426, 674, 0.0, 3833.6, 5352
49, 2426, 674, 0.0, 4022.633333333333, 5540
50, 2426, 674, 0.0, 3867.233333333333, 6153
51, 2426, 674, 0.0, 3853.7, 5371
52, 2426, 674, 0.0, 4143.533333333334, 5800
53, 2426, 674, 0.0, 3987.1, 5468
54, 2426, 674, 0.0, 3973.766666666667, 5520
55, 2426, 674, 0.0, 3778.0666666666666, 5679
56, 2426, 674, 0.0, 3901.6666666666665, 5588
57, 2426, 674, 0.0, 3973.866666666667, 5058
58, 2426, 674, 0.0, 3779.4, 5817
59, 2426, 674, 0.0, 3899.5333333333333, 5674
60, 2426, 674, 0.0, 3787.9333333333334, 5390
61, 2426, 674, 0.0, 3768.0333333333333, 5412
62, 2426, 674, 0.0, 3879.8, 5148
63, 2426, 674, 0.0, 3771.7, 5636
64, 2426, 674, 0.0, 3925.6666666666665, 5544
65, 2426, 674, 0.0, 3980.266666666667, 5620
66, 2426, 674, 0.0, 3795.6666666666665, 5266
67, 2238, 674, 0.0, 3954.4333333333334, 5376
68, 2238, 674, 0.0, 3737.1, 5942
69, 2238, 674, 0.0, 3871.2, 5194
70, 2238, 674, 0.0, 3735.4333333333334, 5008
71, 2238, 674, 0.0, 3809.4666666666667, 5005
72, 2238, 674, 0.0, 3924.4, 5444
73, 2238, 674, 0.0, 3658.3, 4731
74, 2238, 674, 0.0, 3778.7, 5113
75, 2238, 674, 0.0, 3774.4666666666667, 4721
76, 2238, 674, 0.0, 3822.8, 5394
77, 2238, 674, 0.0, 3728.4, 5067
78, 2238, 674, 0.0, 3660.2, 5582
79, 2238, 674, 0.0, 3703.0, 4987
80, 2238, 674, 0.0, 3633.6666666666665, 5470
81, 2238, 674, 0.0, 3603.633333333333, 4385
82, 2238, 674, 0.0, 3750.5333333333333, 5271
83, 2238, 674, 0.0, 3704.266666666667, 4977
84, 2238, 674, 0.0, 3694.133333333333, 5466
85, 2238, 674, 0.0, 3661.0666666666666, 5767
86, 2238, 674, 0.0, 3755.9, 4482
87, 2238, 674, 0.0, 3841.766666666667, 5321
88, 2238, 674, 0.0, 3583.7, 4681
89, 2238, 674, 0.0, 3862.5666666666666, 5598
90, 2238, 674, 0.0, 3520.8, 5101
91, 2238, 674, 0.0, 3578.266666666667, 4928
92, 2238, 674, 0.0, 3670.366666666667, 4946
93, 2238, 674, 0.0, 3596.7, 5255
94, 2238, 674, 0.0, 3773.8, 4754
95, 2238, 674, 0.0, 3730.9666666666667, 5404
96, 2238, 674, 0.0, 3792.866666666667, 4769
97, 2238, 674, 0.0, 3649.0333333333333, 4968
98, 2238, 674, 0.0, 3677.8, 4586
99, 2238, 674, 0.0, 3723.3333333333335, 5436
100, 2238, 674, 0.0, 3846.8333333333335, 5693

Execution 7:
Best Solution: [0, 7, 1, 13, 2, 12, 3, 5, 4, 9, 14, 6, 11, 8, 10]
Cost: 2238
Execution Time: 1.1342697143554688 seconds

Results per Iteration:
Iteration, Best Cost, Prizes Collected, Penalties, Average Colony Cost, Worst Solution Cost
1, 4429, 674, 0.0, 6377.533333333334, 7943
2, 4429, 674, 0.0, 6513.8, 8481
3, 4429, 674, 0.0, 6447.066666666667, 8717
4, 3505, 674, 0.0, 6229.466666666666, 8096
5, 3505, 674, 0.0, 6424.2, 9337
6, 3505, 674, 0.0, 6154.8, 8858
7, 3505, 674, 0.0, 5722.333333333333, 7391
8, 3505, 674, 0.0, 6193.833333333333, 8002
9, 3505, 674, 0.0, 5834.666666666667, 7385
10, 3505, 674, 0.0, 5471.9, 7299
11, 3505, 674, 0.0, 5741.933333333333, 7316
12, 3505, 674, 0.0, 5498.966666666666, 7175
13, 3375, 674, 0.0, 5446.933333333333, 7969
14, 3375, 674, 0.0, 5536.9, 7417
15, 3375, 674, 0.0, 5396.7, 7436
16, 3375, 674, 0.0, 5412.5, 7048
17, 3375, 674, 0.0, 5074.0, 7203
18, 3370, 674, 0.0, 5084.833333333333, 7626
19, 3370, 674, 0.0, 4763.766666666666, 6612
20, 3112, 674, 0.0, 4722.133333333333, 5694
21, 2921, 674, 0.0, 4680.7, 6534
22, 2921, 674, 0.0, 4628.933333333333, 6315
23, 2921, 674, 0.0, 4534.5, 6617
24, 2921, 674, 0.0, 4524.466666666666, 6159
25, 2867, 674, 0.0, 4626.166666666667, 6980
26, 2867, 674, 0.0, 4304.7, 6010
27, 2867, 674, 0.0, 4064.233333333333, 5787
28, 2867, 674, 0.0, 4382.8, 6330
29, 2543, 674, 0.0, 4366.2, 5330
30, 2543, 674, 0.0, 4392.533333333334, 6387
31, 2543, 674, 0.0, 4140.633333333333, 5827
32, 2340, 674, 0.0, 4015.0666666666666, 5011
33, 2340, 674, 0.0, 4033.366666666667, 6292
34, 2340, 674, 0.0, 4197.366666666667, 5974
35, 2340, 674, 0.0, 4172.2, 5894
36, 2340, 674, 0.0, 4138.666666666667, 6079
37, 2340, 674, 0.0, 4240.333333333333, 5612
38, 2340, 674, 0.0, 4059.6, 5410
39, 2340, 674, 0.0, 3998.8, 5354
40, 2340, 674, 0.0, 3911.4333333333334, 4929
41, 2286, 674, 0.0, 4034.1666666666665, 5761
42, 2286, 674, 0.0, 3896.3, 5159
43, 2286, 674, 0.0, 3956.8, 5515
44, 2286, 674, 0.0, 3767.5333333333333, 5857
45, 2286, 674, 0.0, 3942.133333333333, 5516
46, 2286, 674, 0.0, 3909.3, 5002
47, 2286, 674, 0.0, 3931.766666666667, 4932
48, 2286, 674, 0.0, 3871.2, 6500
49, 2286, 674, 0.0, 3733.1666666666665, 5542
50, 2286, 674, 0.0, 3923.766666666667, 5139
51, 2286, 674, 0.0, 3985.5333333333333, 5628
52, 2286, 674, 0.0, 3763.0333333333333, 5180
53, 2286, 674, 0.0, 3958.8, 5717
54, 2286, 674, 0.0, 4004.9, 5179
55, 2286, 674, 0.0, 3950.366666666667, 5935
56, 2286, 674, 0.0, 3811.133333333333, 5235
57, 2286, 674, 0.0, 3777.9666666666667, 4910
58, 2286, 674, 0.0, 3723.6666666666665, 6190
59, 2238, 674, 0.0, 3761.233333333333, 5433
60, 2238, 674, 0.0, 3849.366666666667, 5312
61, 2238, 674, 0.0, 3707.633333333333, 5672
62, 2238, 674, 0.0, 3910.866666666667, 5920
63, 2238, 674, 0.0, 3752.0, 6176
64, 2238, 674, 0.0, 3826.733333333333, 5491
65, 2238, 674, 0.0, 3632.5666666666666, 5360
66, 2238, 674, 0.0, 3733.5, 5742
67, 2238, 674, 0.0, 3707.0666666666666, 5240
68, 2238, 674, 0.0, 3762.5333333333333, 5423
69, 2238, 674, 0.0, 3800.0, 5384
70, 2238, 674, 0.0, 3908.7, 5606
71, 2238, 674, 0.0, 3625.0666666666666, 4954
72, 2238, 674, 0.0, 3673.366666666667, 5066
73, 2238, 674, 0.0, 3711.766666666667, 5237
74, 2238, 674, 0.0, 3689.7, 5269
75, 2238, 674, 0.0, 3569.633333333333, 4968
76, 2238, 674, 0.0, 3701.133333333333, 5607
77, 2238, 674, 0.0, 3592.5666666666666, 4985
78, 2238, 674, 0.0, 3618.633333333333, 5881
79, 2238, 674, 0.0, 3671.3333333333335, 4957
80, 2238, 674, 0.0, 3673.633333333333, 4902
81, 2238, 674, 0.0, 3809.8333333333335, 5369
82, 2238, 674, 0.0, 3810.9333333333334, 5448
83, 2238, 674, 0.0, 3639.0666666666666, 4813
84, 2238, 674, 0.0, 3663.766666666667, 4767
85, 2238, 674, 0.0, 3635.0666666666666, 4777
86, 2238, 674, 0.0, 3701.5333333333333, 5174
87, 2238, 674, 0.0, 3675.9666666666667, 4776
88, 2238, 674, 0.0, 3680.9333333333334, 5373
89, 2238, 674, 0.0, 3754.1666666666665, 5771
90, 2238, 674, 0.0, 3736.5666666666666, 5412
91, 2238, 674, 0.0, 3667.3333333333335, 4977
92, 2238, 674, 0.0, 3803.3333333333335, 5261
93, 2238, 674, 0.0, 3546.5666666666666, 4924
94, 2238, 674, 0.0, 3575.8, 4667
95, 2238, 674, 0.0, 3763.266666666667, 5862
96, 2238, 674, 0.0, 3592.6, 5254
97, 2238, 674, 0.0, 3581.6666666666665, 4835
98, 2238, 674, 0.0, 3673.8333333333335, 5836
99, 2238, 674, 0.0, 3538.0, 5320
100, 2238, 674, 0.0, 3543.4333333333334, 4967

Execution 8:
Best Solution: [0, 7, 1, 13, 2, 12, 3, 5, 4, 9, 14, 6, 11, 8, 10]
Cost: 2238
Execution Time: 1.1252655982971191 seconds

Results per Iteration:
Iteration, Best Cost, Prizes Collected, Penalties, Average Colony Cost, Worst Solution Cost
1, 4527, 674, 0.0, 6509.8, 8314
2, 4527, 674, 0.0, 6591.333333333333, 8986
3, 4414, 674, 0.0, 6117.733333333334, 8404
4, 4414, 674, 0.0, 6175.233333333334, 8722
5, 3943, 674, 0.0, 6071.433333333333, 8274
6, 3943, 674, 0.0, 6157.733333333334, 8116
7, 3943, 674, 0.0, 5898.266666666666, 7325
8, 3178, 674, 0.0, 5726.766666666666, 7131
9, 3178, 674, 0.0, 5768.033333333334, 7142
10, 3178, 674, 0.0, 5662.8, 8406
11, 3178, 674, 0.0, 5503.0, 7143
12, 3178, 674, 0.0, 5355.3, 6608
13, 3139, 674, 0.0, 5328.3, 7026
14, 3103, 674, 0.0, 5284.733333333334, 6395
15, 3103, 674, 0.0, 5637.366666666667, 7568
16, 2992, 674, 0.0, 5143.2, 7814
17, 2992, 674, 0.0, 5174.533333333334, 7233
18, 2898, 674, 0.0, 4815.133333333333, 6830
19, 2595, 674, 0.0, 4724.266666666666, 6965
20, 2595, 674, 0.0, 4757.133333333333, 6445
21, 2595, 674, 0.0, 4537.1, 5897
22, 2595, 674, 0.0, 5026.6, 7183
23, 2595, 674, 0.0, 4641.333333333333, 6337
24, 2595, 674, 0.0, 4648.133333333333, 6812
25, 2595, 674, 0.0, 4657.166666666667, 7103
26, 2595, 674, 0.0, 4558.5, 5972
27, 2595, 674, 0.0, 4446.0, 6118
28, 2595, 674, 0.0, 4552.0, 6586
29, 2581, 674, 0.0, 4299.133333333333, 6024
30, 2581, 674, 0.0, 4400.6, 6214
31, 2581, 674, 0.0, 4351.8, 5888
32, 2581, 674, 0.0, 3975.5, 5421
33, 2581, 674, 0.0, 4079.3333333333335, 5638
34, 2581, 674, 0.0, 4386.1, 5707
35, 2581, 674, 0.0, 4108.2, 5747
36, 2536, 674, 0.0, 3884.133333333333, 5114
37, 2536, 674, 0.0, 4128.633333333333, 5277
38, 2536, 674, 0.0, 4088.0666666666666, 5734
39, 2536, 674, 0.0, 4363.366666666667, 6206
40, 2516, 674, 0.0, 3970.8333333333335, 5525
41, 2516, 674, 0.0, 4040.1, 5189
42, 2516, 674, 0.0, 4250.4, 5664
43, 2516, 674, 0.0, 3880.4333333333334, 6104
44, 2238, 674, 0.0, 3758.5, 5145
45, 2238, 674, 0.0, 4088.366666666667, 5951
46, 2238, 674, 0.0, 3949.0333333333333, 5102
47, 2238, 674, 0.0, 4127.7, 5597
48, 2238, 674, 0.0, 4072.9666666666667, 5613
49, 2238, 674, 0.0, 3811.866666666667, 5560
50, 2238, 674, 0.0, 4133.733333333334, 5392
51, 2238, 674, 0.0, 3967.9, 5267
52, 2238, 674, 0.0, 3839.366666666667, 5055
53, 2238, 674, 0.0, 3742.3333333333335, 4838
54, 2238, 674, 0.0, 3999.5, 5287
55, 2238, 674, 0.0, 3821.233333333333, 4799
56, 2238, 674, 0.0, 3830.133333333333, 5215
57, 2238, 674, 0.0, 3760.766666666667, 5291
58, 2238, 674, 0.0, 3847.0, 5322
59, 2238, 674, 0.0, 3975.8, 5006
60, 2238, 674, 0.0, 4013.5, 6009
61, 2238, 674, 0.0, 3897.4, 5108
62, 2238, 674, 0.0, 3765.3, 5383
63, 2238, 674, 0.0, 4052.733333333333, 5572
64, 2238, 674, 0.0, 3648.633333333333, 6014
65, 2238, 674, 0.0, 3942.133333333333, 5947
66, 2238, 674, 0.0, 3783.3333333333335, 4795
67, 2238, 674, 0.0, 3808.8, 5118
68, 2238, 674, 0.0, 4061.0333333333333, 5348
69, 2238, 674, 0.0, 3959.1, 5257
70, 2238, 674, 0.0, 3596.366666666667, 4444
71, 2238, 674, 0.0, 3919.4333333333334, 5259
72, 2238, 674, 0.0, 3723.8333333333335, 4924
73, 2238, 674, 0.0, 3755.633333333333, 4973
74, 2238, 674, 0.0, 3742.4666666666667, 5078
75, 2238, 674, 0.0, 3588.766666666667, 4833
76, 2238, 674, 0.0, 3768.0333333333333, 5034
77, 2238, 674, 0.0, 3966.9666666666667, 6371
78, 2238, 674, 0.0, 3895.766666666667, 4863
79, 2238, 674, 0.0, 3764.5, 4862
80, 2238, 674, 0.0, 3976.6666666666665, 6043
81, 2238, 674, 0.0, 3913.9666666666667, 4881
82, 2238, 674, 0.0, 3674.0666666666666, 5029
83, 2238, 674, 0.0, 3850.9333333333334, 5353
84, 2238, 674, 0.0, 3793.1666666666665, 4673
85, 2238, 674, 0.0, 3768.266666666667, 5178
86, 2238, 674, 0.0, 3643.266666666667, 5479
87, 2238, 674, 0.0, 3803.7, 5551
88, 2238, 674, 0.0, 3867.7, 6065
89, 2238, 674, 0.0, 3606.233333333333, 4778
90, 2238, 674, 0.0, 3661.1, 4759
91, 2238, 674, 0.0, 3568.766666666667, 5298
92, 2238, 674, 0.0, 3821.1666666666665, 5078
93, 2238, 674, 0.0, 3568.366666666667, 5689
94, 2238, 674, 0.0, 3742.4666666666667, 5735
95, 2238, 674, 0.0, 3706.7, 5516
96, 2238, 674, 0.0, 3740.3333333333335, 5130
97, 2238, 674, 0.0, 3793.633333333333, 5144
98, 2238, 674, 0.0, 3611.0666666666666, 4777
99, 2238, 674, 0.0, 3604.133333333333, 4888
100, 2238, 674, 0.0, 3609.5666666666666, 5156

Execution 9:
Best Solution: [0, 4, 1, 14, 6, 7, 9, 11, 8, 13, 2, 12, 3, 5, 10]
Cost: 2209
Execution Time: 1.1452710628509521 seconds

Results per Iteration:
Iteration, Best Cost, Prizes Collected, Penalties, Average Colony Cost, Worst Solution Cost
1, 4297, 674, 0.0, 6563.566666666667, 9174
2, 4297, 674, 0.0, 6379.633333333333, 9519
3, 4297, 674, 0.0, 6607.866666666667, 8683
4, 4297, 674, 0.0, 6171.1, 8287
5, 4297, 674, 0.0, 5982.5, 8551
6, 4297, 674, 0.0, 6212.166666666667, 8837
7, 4297, 674, 0.0, 6137.466666666666, 7809
8, 4297, 674, 0.0, 6050.0, 8299
9, 3261, 674, 0.0, 5718.733333333334, 7942
10, 3261, 674, 0.0, 5671.633333333333, 7599
11, 3261, 674, 0.0, 5160.833333333333, 6606
12, 3261, 674, 0.0, 5333.433333333333, 7269
13, 3261, 674, 0.0, 5290.033333333334, 7576
14, 3261, 674, 0.0, 5367.6, 6744
15, 3261, 674, 0.0, 5200.366666666667, 7196
16, 3152, 674, 0.0, 5011.666666666667, 7023
17, 3152, 674, 0.0, 5194.933333333333, 6499
18, 3152, 674, 0.0, 4916.133333333333, 6557
19, 3152, 674, 0.0, 5155.5, 6815
20, 2209, 674, 0.0, 4653.866666666667, 6080
21, 2209, 674, 0.0, 4696.166666666667, 6633
22, 2209, 674, 0.0, 4875.1, 6438
23, 2209, 674, 0.0, 4485.6, 6479
24, 2209, 674, 0.0, 4578.833333333333, 6150
25, 2209, 674, 0.0, 4599.8, 6226
26, 2209, 674, 0.0, 4258.533333333334, 6041
27, 2209, 674, 0.0, 4714.233333333334, 5853
28, 2209, 674, 0.0, 4317.466666666666, 6380
29, 2209, 674, 0.0, 4445.766666666666, 5838
30, 2209, 674, 0.0, 4392.433333333333, 5959
31, 2209, 674, 0.0, 4201.333333333333, 5966
32, 2209, 674, 0.0, 4391.166666666667, 6245
33, 2209, 674, 0.0, 4277.6, 5742
34, 2209, 674, 0.0, 4216.333333333333, 5278
35, 2209, 674, 0.0, 4122.266666666666, 5285
36, 2209, 674, 0.0, 4218.7, 5162
37, 2209, 674, 0.0, 3764.3333333333335, 5172
38, 2209, 674, 0.0, 4236.866666666667, 6696
39, 2209, 674, 0.0, 3908.9666666666667, 5444
40, 2209, 674, 0.0, 3910.1, 5019
41, 2209, 674, 0.0, 4079.733333333333, 6037
42, 2209, 674, 0.0, 4190.166666666667, 6440
43, 2209, 674, 0.0, 4026.5666666666666, 5346
44, 2209, 674, 0.0, 3905.8333333333335, 5482
45, 2209, 674, 0.0, 3941.4333333333334, 5994
46, 2209, 674, 0.0, 3982.9333333333334, 5704
47, 2209, 674, 0.0, 4109.333333333333, 5774
48, 2209, 674, 0.0, 3956.6666666666665, 5160
49, 2209, 674, 0.0, 3840.8, 5350
50, 2209, 674, 0.0, 3920.2, 5311
51, 2209, 674, 0.0, 3955.4, 5119
52, 2209, 674, 0.0, 3973.9, 5554
53, 2209, 674, 0.0, 3722.1666666666665, 5736
54, 2209, 674, 0.0, 3836.9333333333334, 4965
55, 2209, 674, 0.0, 3996.5666666666666, 5283
56, 2209, 674, 0.0, 3776.3333333333335, 5139
57, 2209, 674, 0.0, 3748.5, 4728
58, 2209, 674, 0.0, 3841.9666666666667, 4882
59, 2209, 674, 0.0, 3617.3, 5564
60, 2209, 674, 0.0, 3669.9666666666667, 5282
61, 2209, 674, 0.0, 3771.8, 5473
62, 2209, 674, 0.0, 3941.9333333333334, 5947
63, 2209, 674, 0.0, 3772.766666666667, 4774
64, 2209, 674, 0.0, 3898.9666666666667, 5469
65, 2209, 674, 0.0, 3905.0, 5206
66, 2209, 674, 0.0, 4061.0333333333333, 5042
67, 2209, 674, 0.0, 3886.3, 5211
68, 2209, 674, 0.0, 3989.1, 5446
69, 2209, 674, 0.0, 4042.1, 5564
70, 2209, 674, 0.0, 3712.633333333333, 5049
71, 2209, 674, 0.0, 3841.7, 5694
72, 2209, 674, 0.0, 3652.8, 4896
73, 2209, 674, 0.0, 3909.0333333333333, 5832
74, 2209, 674, 0.0, 3925.1666666666665, 6346
75, 2209, 674, 0.0, 3698.1666666666665, 5826
76, 2209, 674, 0.0, 3725.766666666667, 5183
77, 2209, 674, 0.0, 3865.9333333333334, 5228
78, 2209, 674, 0.0, 3964.766666666667, 5735
79, 2209, 674, 0.0, 3873.866666666667, 5169
80, 2209, 674, 0.0, 3855.6, 6461
81, 2209, 674, 0.0, 3939.3333333333335, 5201
82, 2209, 674, 0.0, 3827.633333333333, 5320
83, 2209, 674, 0.0, 3830.9333333333334, 5813
84, 2209, 674, 0.0, 3588.5333333333333, 4689
85, 2209, 674, 0.0, 3947.8333333333335, 5114
86, 2209, 674, 0.0, 4070.7, 5541
87, 2209, 674, 0.0, 3765.266666666667, 4949
88, 2209, 674, 0.0, 3603.266666666667, 5719
89, 2209, 674, 0.0, 3904.1666666666665, 5281
90, 2209, 674, 0.0, 3787.0333333333333, 5599
91, 2209, 674, 0.0, 3672.6, 4879
92, 2209, 674, 0.0, 3944.266666666667, 5495
93, 2209, 674, 0.0, 3669.2, 5171
94, 2209, 674, 0.0, 3900.6, 5025
95, 2209, 674, 0.0, 3739.5666666666666, 5523
96, 2209, 674, 0.0, 3662.766666666667, 5012
97, 2209, 674, 0.0, 3643.266666666667, 4766
98, 2209, 674, 0.0, 3666.9333333333334, 4940
99, 2209, 674, 0.0, 3890.3333333333335, 6246
100, 2209, 674, 0.0, 3462.0, 4616

Execution 10:
Best Solution: [0, 7, 1, 13, 2, 12, 3, 5, 4, 9, 14, 6, 11, 8, 10]
Cost: 2238
Execution Time: 1.1262669563293457 seconds

Results per Iteration:
Iteration, Best Cost, Prizes Collected, Penalties, Average Colony Cost, Worst Solution Cost
1, 4332, 674, 0.0, 6434.5, 8474
2, 4332, 674, 0.0, 6012.066666666667, 7792
3, 4332, 674, 0.0, 6332.2, 8367
4, 4332, 674, 0.0, 6093.266666666666, 9126
5, 4332, 674, 0.0, 6502.633333333333, 8448
6, 3889, 674, 0.0, 5794.433333333333, 7173
7, 3889, 674, 0.0, 5848.5, 7711
8, 3703, 674, 0.0, 5769.666666666667, 7765
9, 3545, 674, 0.0, 5648.1, 8028
10, 3545, 674, 0.0, 5677.533333333334, 6996
11, 3545, 674, 0.0, 5746.6, 7398
12, 3545, 674, 0.0, 5674.7, 7368
13, 2710, 674, 0.0, 5238.4, 6941
14, 2710, 674, 0.0, 5244.7, 6760
15, 2710, 674, 0.0, 5179.9, 6693
16, 2710, 674, 0.0, 5353.3, 7713
17, 2710, 674, 0.0, 5176.766666666666, 7024
18, 2710, 674, 0.0, 5003.7, 6268
19, 2710, 674, 0.0, 4705.5, 6099
20, 2710, 674, 0.0, 4713.966666666666, 6220
21, 2710, 674, 0.0, 4878.066666666667, 6555
22, 2710, 674, 0.0, 4382.533333333334, 5917
23, 2710, 674, 0.0, 4655.833333333333, 6269
24, 2710, 674, 0.0, 4875.3, 7752
25, 2710, 674, 0.0, 4645.566666666667, 7280
26, 2710, 674, 0.0, 4468.033333333334, 6839
27, 2710, 674, 0.0, 4675.7, 6650
28, 2710, 674, 0.0, 4321.033333333334, 5504
29, 2662, 674, 0.0, 4250.833333333333, 5899
30, 2662, 674, 0.0, 4352.533333333334, 5854
31, 2662, 674, 0.0, 4147.9, 5580
32, 2286, 674, 0.0, 4216.2, 5637
33, 2286, 674, 0.0, 4253.066666666667, 6396
34, 2286, 674, 0.0, 4404.866666666667, 6145
35, 2286, 674, 0.0, 4005.5, 5417
36, 2286, 674, 0.0, 4115.066666666667, 5532
37, 2286, 674, 0.0, 3895.0666666666666, 5643
38, 2286, 674, 0.0, 4135.3, 6122
39, 2286, 674, 0.0, 3902.9333333333334, 5612
40, 2286, 674, 0.0, 3867.5333333333333, 5507
41, 2286, 674, 0.0, 3956.0666666666666, 6569
42, 2286, 674, 0.0, 3862.8333333333335, 5296
43, 2286, 674, 0.0, 3799.3333333333335, 5871
44, 2286, 674, 0.0, 4026.0666666666666, 6311
45, 2286, 674, 0.0, 3702.8, 5559
46, 2286, 674, 0.0, 3837.0333333333333, 5277
47, 2238, 674, 0.0, 3689.366666666667, 5473
48, 2238, 674, 0.0, 3821.266666666667, 5286
49, 2238, 674, 0.0, 3931.5, 5282
50, 2238, 674, 0.0, 3842.233333333333, 5432
51, 2238, 674, 0.0, 4022.8333333333335, 6032
52, 2238, 674, 0.0, 3671.0333333333333, 5107
53, 2238, 674, 0.0, 3751.9, 5118
54, 2238, 674, 0.0, 3739.5333333333333, 4915
55, 2238, 674, 0.0, 3874.8333333333335, 5333
56, 2238, 674, 0.0, 3986.4, 5568
57, 2238, 674, 0.0, 3586.366666666667, 4937
58, 2238, 674, 0.0, 3836.6666666666665, 5529
59, 2238, 674, 0.0, 3832.3333333333335, 4861
60, 2238, 674, 0.0, 3700.8, 5733
61, 2238, 674, 0.0, 3782.0333333333333, 5171
62, 2238, 674, 0.0, 3896.7, 5296
63, 2238, 674, 0.0, 4073.4666666666667, 5341
64, 2238, 674, 0.0, 3724.733333333333, 4603
65, 2238, 674, 0.0, 3873.6, 5293
66, 2238, 674, 0.0, 3743.8333333333335, 5890
67, 2238, 674, 0.0, 3855.233333333333, 6204
68, 2238, 674, 0.0, 3859.866666666667, 5617
69, 2238, 674, 0.0, 3755.5333333333333, 5813
70, 2238, 674, 0.0, 3915.366666666667, 4673
71, 2238, 674, 0.0, 3951.266666666667, 5158
72, 2238, 674, 0.0, 3764.866666666667, 4802
73, 2238, 674, 0.0, 3737.9, 5396
74, 2238, 674, 0.0, 3618.6, 5405
75, 2238, 674, 0.0, 3884.8, 4960
76, 2238, 674, 0.0, 3737.866666666667, 4865
77, 2238, 674, 0.0, 3572.1666666666665, 4897
78, 2238, 674, 0.0, 3811.5333333333333, 5972
79, 2238, 674, 0.0, 3857.3333333333335, 5309
80, 2238, 674, 0.0, 3867.1666666666665, 5518
81, 2238, 674, 0.0, 3768.6, 5848
82, 2238, 674, 0.0, 3741.0, 4684
83, 2238, 674, 0.0, 4001.8333333333335, 5780
84, 2238, 674, 0.0, 3677.5666666666666, 4821
85, 2238, 674, 0.0, 3637.1666666666665, 5167
86, 2238, 674, 0.0, 3843.4, 5415
87, 2238, 674, 0.0, 3743.2, 5457
88, 2238, 674, 0.0, 3694.233333333333, 5202
89, 2238, 674, 0.0, 3804.0333333333333, 5028
90, 2238, 674, 0.0, 3770.633333333333, 5816
91, 2238, 674, 0.0, 3796.8333333333335, 5837
92, 2238, 674, 0.0, 3460.633333333333, 5765
93, 2238, 674, 0.0, 3760.366666666667, 5417
94, 2238, 674, 0.0, 3725.0666666666666, 5108
95, 2238, 674, 0.0, 3444.3, 4936
96, 2238, 674, 0.0, 3977.0333333333333, 5184
97, 2238, 674, 0.0, 3837.2, 5078
98, 2238, 674, 0.0, 3472.0666666666666, 4794
99, 2238, 674, 0.0, 3765.4333333333334, 5590
100, 2238, 674, 0.0, 3646.266666666667, 5257

Total Average Cost: 2235.1
Total Execution Time: 11.293693542480469 seconds
