Parameters:
num_ants = 10
num_iterations = 25
alpha = 0.5
beta = 1.1
rho = 0.3
Q = 75

Execution 1:
Best Solution: [0, 3, 9, 7, 4, 1, 2, 6, 5, 8]
Cost: 1800
Execution Time: 0.059014320373535156 seconds

Results per Iteration:
Iteration, Best Cost, Prizes Collected, Penalties, Average Colony Cost, Worst Solution Cost
1, 2633, 502, 0.0, 3958.3, 5421
2, 2606, 502, 0.0, 3610.0, 4649
3, 2606, 502, 0.0, 3723.8, 4439
4, 2606, 502, 0.0, 3762.5, 4711
5, 2606, 502, 0.0, 3882.2, 5933
6, 2606, 502, 0.0, 3559.3, 4123
7, 2138, 502, 0.0, 3200.9, 4581
8, 2138, 502, 0.0, 3709.7, 4701
9, 2138, 502, 0.0, 3860.6, 5252
10, 2138, 502, 0.0, 3711.1, 5012
11, 2138, 502, 0.0, 3477.3, 4753
12, 2138, 502, 0.0, 3098.0, 4258
13, 2138, 502, 0.0, 3307.8, 4002
14, 2138, 502, 0.0, 3345.0, 4371
15, 2138, 502, 0.0, 3379.8, 4642
16, 2138, 502, 0.0, 3258.3, 4677
17, 2138, 502, 0.0, 3121.1, 3803
18, 2138, 502, 0.0, 3073.2, 4249
19, 2138, 502, 0.0, 3245.0, 4081
20, 2138, 502, 0.0, 3299.7, 4966
21, 2138, 502, 0.0, 3319.4, 3840
22, 2138, 502, 0.0, 3193.1, 4121
23, 2138, 502, 0.0, 3355.6, 4562
24, 2138, 502, 0.0, 2976.0, 3698
25, 1800, 502, 0.0, 2627.4, 3937

Execution 2:
Best Solution: [0, 3, 9, 1, 2, 6, 5, 7, 4, 8]
Cost: 1823
Execution Time: 0.05901312828063965 seconds

Results per Iteration:
Iteration, Best Cost, Prizes Collected, Penalties, Average Colony Cost, Worst Solution Cost
1, 3056, 502, 0.0, 4035.9, 5501
2, 3056, 502, 0.0, 4011.2, 5437
3, 2135, 502, 0.0, 3542.8, 4332
4, 2135, 502, 0.0, 3993.0, 6403
5, 2135, 502, 0.0, 3751.5, 4940
6, 2135, 502, 0.0, 3836.8, 5287
7, 2135, 502, 0.0, 3362.1, 4415
8, 2135, 502, 0.0, 3650.1, 4453
9, 2135, 502, 0.0, 3423.6, 3990
10, 2135, 502, 0.0, 3422.4, 4327
11, 2135, 502, 0.0, 3194.4, 4390
12, 2135, 502, 0.0, 3185.2, 4382
13, 1912, 502, 0.0, 3628.3, 4374
14, 1912, 502, 0.0, 3055.7, 4101
15, 1912, 502, 0.0, 3018.2, 4115
16, 1823, 502, 0.0, 3309.9, 4664
17, 1823, 502, 0.0, 3502.9, 4685
18, 1823, 502, 0.0, 3322.0, 5189
19, 1823, 502, 0.0, 3040.0, 3608
20, 1823, 502, 0.0, 3187.0, 4342
21, 1823, 502, 0.0, 3142.1, 5349
22, 1823, 502, 0.0, 3230.1, 4342
23, 1823, 502, 0.0, 3482.4, 4110
24, 1823, 502, 0.0, 3013.0, 3872
25, 1823, 502, 0.0, 3333.9, 4658

Execution 3:
Best Solution: [0, 4, 1, 2, 6, 5, 8, 3, 9, 7]
Cost: 1889
Execution Time: 0.05901527404785156 seconds

Results per Iteration:
Iteration, Best Cost, Prizes Collected, Penalties, Average Colony Cost, Worst Solution Cost
1, 2070, 502, 0.0, 3736.5, 5023
2, 2070, 502, 0.0, 3916.9, 6276
3, 2070, 502, 0.0, 3835.6, 5302
4, 2070, 502, 0.0, 3777.2, 4940
5, 2070, 502, 0.0, 4066.6, 4932
6, 2070, 502, 0.0, 3733.0, 5072
7, 2070, 502, 0.0, 3724.0, 4903
8, 2070, 502, 0.0, 3851.9, 5441
9, 2070, 502, 0.0, 3882.0, 5021
10, 2070, 502, 0.0, 3786.4, 5042
11, 2070, 502, 0.0, 3400.3, 5811
12, 2070, 502, 0.0, 3291.0, 4715
13, 2070, 502, 0.0, 3319.8, 4003
14, 2070, 502, 0.0, 3287.2, 4322
15, 2070, 502, 0.0, 3145.6, 5029
16, 2070, 502, 0.0, 3493.1, 4328
17, 2070, 502, 0.0, 3208.3, 4813
18, 2070, 502, 0.0, 3005.8, 4629
19, 2070, 502, 0.0, 3464.0, 5155
20, 2070, 502, 0.0, 3263.1, 3894
21, 2070, 502, 0.0, 3095.0, 4606
22, 2070, 502, 0.0, 3264.4, 4178
23, 2070, 502, 0.0, 3413.0, 4429
24, 2070, 502, 0.0, 3031.4, 3522
25, 1889, 502, 0.0, 3516.4, 5349

Execution 4:
Best Solution: [0, 3, 9, 7, 4, 1, 2, 6, 5, 8]
Cost: 1800
Execution Time: 0.0580134391784668 seconds

Results per Iteration:
Iteration, Best Cost, Prizes Collected, Penalties, Average Colony Cost, Worst Solution Cost
1, 2868, 502, 0.0, 3823.6, 4877
2, 2224, 502, 0.0, 4155.2, 5020
3, 2224, 502, 0.0, 3369.5, 3866
4, 2224, 502, 0.0, 3765.6, 5009
5, 1800, 502, 0.0, 3427.5, 4629
6, 1800, 502, 0.0, 3292.2, 4143
7, 1800, 502, 0.0, 3336.7, 4532
8, 1800, 502, 0.0, 3804.5, 4831
9, 1800, 502, 0.0, 3199.5, 4620
10, 1800, 502, 0.0, 3287.8, 4059
11, 1800, 502, 0.0, 3017.0, 3695
12, 1800, 502, 0.0, 3286.3, 4568
13, 1800, 502, 0.0, 3334.1, 5360
14, 1800, 502, 0.0, 2882.6, 4070
15, 1800, 502, 0.0, 3527.7, 4210
16, 1800, 502, 0.0, 2948.6, 4162
17, 1800, 502, 0.0, 3192.5, 3883
18, 1800, 502, 0.0, 3468.7, 4484
19, 1800, 502, 0.0, 2997.4, 3730
20, 1800, 502, 0.0, 3200.9, 4510
21, 1800, 502, 0.0, 3410.9, 6279
22, 1800, 502, 0.0, 3273.6, 4476
23, 1800, 502, 0.0, 3320.8, 4230
24, 1800, 502, 0.0, 3115.9, 3876
25, 1800, 502, 0.0, 3550.8, 4856

Execution 5:
Best Solution: [0, 3, 9, 1, 2, 6, 5, 7, 4, 8]
Cost: 1823
Execution Time: 0.0580143928527832 seconds

Results per Iteration:
Iteration, Best Cost, Prizes Collected, Penalties, Average Colony Cost, Worst Solution Cost
1, 2999, 502, 0.0, 3710.0, 5300
2, 2815, 502, 0.0, 3876.5, 5487
3, 2657, 502, 0.0, 3612.1, 4418
4, 2245, 502, 0.0, 3729.7, 5935
5, 2245, 502, 0.0, 3495.6, 4537
6, 2135, 502, 0.0, 3429.8, 4474
7, 1823, 502, 0.0, 3640.7, 4636
8, 1823, 502, 0.0, 3333.1, 5102
9, 1823, 502, 0.0, 3214.4, 4558
10, 1823, 502, 0.0, 3699.0, 4732
11, 1823, 502, 0.0, 3170.3, 3840
12, 1823, 502, 0.0, 3145.7, 4515
13, 1823, 502, 0.0, 3488.4, 5104
14, 1823, 502, 0.0, 3240.3, 4197
15, 1823, 502, 0.0, 3142.9, 4279
16, 1823, 502, 0.0, 3329.0, 4853
17, 1823, 502, 0.0, 3211.0, 4101
18, 1823, 502, 0.0, 3335.3, 4677
19, 1823, 502, 0.0, 3597.4, 5132
20, 1823, 502, 0.0, 3386.8, 4208
21, 1823, 502, 0.0, 3178.9, 3866
22, 1823, 502, 0.0, 3048.9, 4744
23, 1823, 502, 0.0, 2724.3, 3816
24, 1823, 502, 0.0, 3105.0, 4042
25, 1823, 502, 0.0, 3328.4, 5015

Execution 6:
Best Solution: [0, 3, 9, 1, 2, 6, 5, 7, 4, 8]
Cost: 1823
Execution Time: 0.05901503562927246 seconds

Results per Iteration:
Iteration, Best Cost, Prizes Collected, Penalties, Average Colony Cost, Worst Solution Cost
1, 2946, 502, 0.0, 4155.9, 5042
2, 2742, 502, 0.0, 3863.4, 5034
3, 2342, 502, 0.0, 3517.2, 4922
4, 2342, 502, 0.0, 4274.2, 4920
5, 2342, 502, 0.0, 4157.6, 5661
6, 2342, 502, 0.0, 3773.8, 4317
7, 2342, 502, 0.0, 3914.6, 4897
8, 2342, 502, 0.0, 3726.8, 5867
9, 2342, 502, 0.0, 3742.3, 4467
10, 2342, 502, 0.0, 3588.2, 4618
11, 2206, 502, 0.0, 3613.0, 4741
12, 2206, 502, 0.0, 3600.9, 4284
13, 2206, 502, 0.0, 3437.7, 4083
14, 2206, 502, 0.0, 3497.6, 5323
15, 2206, 502, 0.0, 3150.8, 3681
16, 2206, 502, 0.0, 3410.0, 4158
17, 2206, 502, 0.0, 3204.2, 3933
18, 1823, 502, 0.0, 3438.8, 5704
19, 1823, 502, 0.0, 3493.7, 4397
20, 1823, 502, 0.0, 3482.8, 4085
21, 1823, 502, 0.0, 3354.2, 5045
22, 1823, 502, 0.0, 3315.8, 4382
23, 1823, 502, 0.0, 3154.9, 3993
24, 1823, 502, 0.0, 3020.5, 4002
25, 1823, 502, 0.0, 3245.8, 3773

Execution 7:
Best Solution: [0, 3, 9, 1, 2, 6, 5, 7, 4, 8]
Cost: 1823
Execution Time: 0.05801272392272949 seconds

Results per Iteration:
Iteration, Best Cost, Prizes Collected, Penalties, Average Colony Cost, Worst Solution Cost
1, 2745, 502, 0.0, 3562.9, 4519
2, 2464, 502, 0.0, 3801.8, 4526
3, 1823, 502, 0.0, 3493.4, 4552
4, 1823, 502, 0.0, 3804.4, 4938
5, 1823, 502, 0.0, 3293.6, 4065
6, 1823, 502, 0.0, 3400.6, 4874
7, 1823, 502, 0.0, 3600.8, 4724
8, 1823, 502, 0.0, 3637.6, 4667
9, 1823, 502, 0.0, 3603.2, 4881
10, 1823, 502, 0.0, 3259.8, 4135
11, 1823, 502, 0.0, 3244.0, 4552
12, 1823, 502, 0.0, 3572.7, 5168
13, 1823, 502, 0.0, 3350.1, 4688
14, 1823, 502, 0.0, 3195.8, 4691
15, 1823, 502, 0.0, 3357.1, 4219
16, 1823, 502, 0.0, 2888.9, 4396
17, 1823, 502, 0.0, 3198.7, 4971
18, 1823, 502, 0.0, 3382.3, 4280
19, 1823, 502, 0.0, 2928.6, 3713
20, 1823, 502, 0.0, 2980.9, 3565
21, 1823, 502, 0.0, 3190.1, 3713
22, 1823, 502, 0.0, 3267.2, 4262
23, 1823, 502, 0.0, 3079.5, 4092
24, 1823, 502, 0.0, 3141.1, 3917
25, 1823, 502, 0.0, 3244.6, 4331

Execution 8:
Best Solution: [0, 3, 9, 1, 2, 6, 5, 7, 4, 8]
Cost: 1823
Execution Time: 0.05901503562927246 seconds

Results per Iteration:
Iteration, Best Cost, Prizes Collected, Penalties, Average Colony Cost, Worst Solution Cost
1, 2711, 502, 0.0, 3773.1, 5050
2, 2644, 502, 0.0, 3676.6, 5020
3, 2623, 502, 0.0, 3654.3, 4643
4, 2250, 502, 0.0, 3685.0, 5070
5, 2250, 502, 0.0, 3472.3, 5275
6, 2250, 502, 0.0, 3482.2, 4247
7, 2250, 502, 0.0, 3511.0, 4047
8, 2250, 502, 0.0, 3318.1, 4533
9, 2185, 502, 0.0, 3358.8, 4620
10, 2185, 502, 0.0, 3581.3, 4921
11, 2185, 502, 0.0, 3232.8, 4142
12, 2185, 502, 0.0, 3643.7, 4933
13, 1823, 502, 0.0, 3097.2, 5029
14, 1823, 502, 0.0, 3183.0, 4263
15, 1823, 502, 0.0, 3110.0, 4772
16, 1823, 502, 0.0, 3591.3, 5202
17, 1823, 502, 0.0, 3486.1, 4073
18, 1823, 502, 0.0, 3338.8, 4261
19, 1823, 502, 0.0, 3334.4, 4563
20, 1823, 502, 0.0, 3157.2, 4076
21, 1823, 502, 0.0, 3538.2, 4485
22, 1823, 502, 0.0, 3360.8, 4570
23, 1823, 502, 0.0, 3061.0, 3962
24, 1823, 502, 0.0, 3135.3, 4394
25, 1823, 502, 0.0, 3366.8, 4795

Execution 9:
Best Solution: [0, 3, 9, 7, 4, 1, 2, 6, 5, 8]
Cost: 1800
Execution Time: 0.0580134391784668 seconds

Results per Iteration:
Iteration, Best Cost, Prizes Collected, Penalties, Average Colony Cost, Worst Solution Cost
1, 2537, 502, 0.0, 3724.8, 5356
2, 2537, 502, 0.0, 3990.6, 5295
3, 2450, 502, 0.0, 3456.3, 4856
4, 2450, 502, 0.0, 4300.4, 6263
5, 2450, 502, 0.0, 4092.9, 6454
6, 2450, 502, 0.0, 3962.7, 4768
7, 2450, 502, 0.0, 3766.4, 4971
8, 1800, 502, 0.0, 3371.5, 4769
9, 1800, 502, 0.0, 3703.1, 5118
10, 1800, 502, 0.0, 3659.9, 4192
11, 1800, 502, 0.0, 3699.4, 5054
12, 1800, 502, 0.0, 3573.9, 5471
13, 1800, 502, 0.0, 3820.5, 4650
14, 1800, 502, 0.0, 3283.3, 5573
15, 1800, 502, 0.0, 3345.7, 5001
16, 1800, 502, 0.0, 3727.9, 4732
17, 1800, 502, 0.0, 3532.6, 4587
18, 1800, 502, 0.0, 3390.5, 4385
19, 1800, 502, 0.0, 3456.9, 4306
20, 1800, 502, 0.0, 3379.8, 4615
21, 1800, 502, 0.0, 3010.0, 3973
22, 1800, 502, 0.0, 3311.7, 3929
23, 1800, 502, 0.0, 2970.8, 3392
24, 1800, 502, 0.0, 3009.7, 3902
25, 1800, 502, 0.0, 3249.7, 3988

Execution 10:
Best Solution: [0, 8, 1, 2, 3, 9, 7, 4, 5, 6]
Cost: 2019
Execution Time: 0.0580141544342041 seconds

Results per Iteration:
Iteration, Best Cost, Prizes Collected, Penalties, Average Colony Cost, Worst Solution Cost
1, 2429, 502, 0.0, 3757.0, 5115
2, 2429, 502, 0.0, 3732.9, 5203
3, 2429, 502, 0.0, 3668.1, 4810
4, 2429, 502, 0.0, 3734.2, 4758
5, 2429, 502, 0.0, 4126.4, 5239
6, 2429, 502, 0.0, 3839.4, 4490
7, 2429, 502, 0.0, 4265.6, 5820
8, 2429, 502, 0.0, 3897.0, 5042
9, 2429, 502, 0.0, 3782.2, 5627
10, 2429, 502, 0.0, 3511.6, 4701
11, 2429, 502, 0.0, 3484.6, 3971
12, 2429, 502, 0.0, 3556.4, 4755
13, 2429, 502, 0.0, 3634.3, 4063
14, 2429, 502, 0.0, 3498.8, 5014
15, 2429, 502, 0.0, 3957.5, 4646
16, 2285, 502, 0.0, 3207.2, 4811
17, 2285, 502, 0.0, 3175.3, 4486
18, 2019, 502, 0.0, 3503.1, 4911
19, 2019, 502, 0.0, 3335.8, 4660
20, 2019, 502, 0.0, 3376.5, 4339
21, 2019, 502, 0.0, 3137.0, 4033
22, 2019, 502, 0.0, 2976.5, 4310
23, 2019, 502, 0.0, 3467.7, 5522
24, 2019, 502, 0.0, 3271.7, 4385
25, 2019, 502, 0.0, 3185.4, 3804

Total Average Cost: 1842.3
Total Execution Time: 0.5851409435272217 seconds
