Cost Matrix:
0 751 499 789 160 676 874 305 840 391 680 516 632 861 243 888 109 458 787 598 528 244 723 976 260 814 642 913 921 821 739 873 285 209 663 967 627 110 697 852 150 107 516 310 977 917 284 135 823 208 276 557 53 724 505 315 825 265 308 689 998 922 899 910 326 82 873 701 979 406 189 702 643 748 473 612 829 773 799 720 445 504 430 588 866 87 129 631 956 740 263 661 628 289 153 297 575 277 828 962
295 0 171 127 944 600 839 629 812 368 864 317 472 866 579 141 496 514 453 163 202 570 172 564 528 685 728 980 303 473 368 148 917 347 926 797 139 905 228 159 59 397 394 377 865 772 843 166 438 430 551 238 357 797 246 470 847 318 660 288 691 250 52 478 933 673 645 308 657 797 142 670 136 501 418 809 245 898 661 253 948 411 608 951 653 383 91 473 691 835 605 898 211 822 892 109 112 737 297 371
844 477 0 791 339 942 815 734 705 741 187 749 584 431 605 850 337 887 963 340 870 531 835 345 469 592 986 818 51 907 378 993 256 463 545 614 710 54 904 811 994 608 285 422 855 665 633 605 503 944 859 790 50 840 303 627 908 517 439 941 657 342 751 928 913 692 922 282 940 702 912 280 168 798 934 250 457 930 869 733 344 903 679 404 563 333 71 782 387 915 552 422 812 365 469 927 547 69 593 137
91 108 241 0 438 567 128 526 742 994 714 697 888 828 158 353 273 469 445 435 435 744 321 815 257 583 157 766 515 326 510 633 912 161 422 136 434 218 322 996 959 763 231 467 569 61 127 225 136 567 59 816 299 789 492 828 636 649 316 807 997 107 629 108 974 553 902 732 613 490 320 842 267 621 204 304 440 731 565 90 372 697 419 231 359 611 212 460 333 410 180 899 440 812 618 315 158 804 607 184
890 370 414 596 0 89 224 769 589 746 617 794 503 126 923 775 95 706 573 283 114 693 467 221 163 390 228 152 405 370 395 140 352 272 703 530 651 162 509 295 246 639 404 589 862 427 427 380 680 226 346 311 869 447 477 521 802 282 732 954 665 595 306 882 951 723 296 886 522 834 722 84 140 944 83 288 513 897 311 390 211 83 466 475 661 583 786 549 741 65 221 425 903 594 302 484 111 567 721 742
903 772 920 642 931 0 415 386 898 725 732 98 938 420 519 999 133 390 309 336 154 373 551 727 896 64 336 134 248 359 884 139 330 912 265 702 195 924 167 444 685 591 184 897 178 227 325 296 62 609 446 394 977 297 819 343 677 490 985 181 509 933 637 971 334 688 437 886 690 131 828 285 91 437 292 519 479 803 164 361 335 876 193 98 195 356 228 323 213 572 204 756 705 314 976 361 203 673 938 835
592 475 630 212 575 89 0 957 697 158 391 506 166 197 390 671 856 952 574 62 704 828 949 831 176 717 157 897 795 887 935 487 688 513 218 417 753 178 144 587 827 487 721 333 982 944 659 779 318 570 576 534 182 132 111 134 730 259 59 144 828 325 690 299 735 227 316 265 137 168 972 231 782 854 636 579 783 526 131 632 366 812 856 450 777 1000 868 678 325 244 284 290 666 793 86 282 228 384 485 709
999 547 762 470 964 298 386 0 507 834 324 176 209 226 758 878 453 88 88 858 500 290 428 764 229 344 860 609 418 997 694 787 852 809 842 942 988 876 695 684 719 617 593 353 198 750 544 58 749 499 664 665 347 551 925 591 960 626 637 735 856 763 335 565 612 67 713 993 548 782 763 431 735 925 960 834 228 374 77 671 627 688 68 772 917 859 62 998 87 90 582 998 243 118 761 922 572 470 976 866
835 279 896 195 707 344 861 510 0 245 398 955 904 694 488 305 56 466 527 878 286 472 198 732 360 357 810 308 546 558 235 314 401 117 284 568 53 448 171 371 858 742 172 713 212 647 139 722 480 717 765 645 828 765 500 667 701 322 910 433 101 770 879 341 101 673 777 366 466 281 838 195 885 302 799 965 754 805 488 121 228 400 512 284 863 991 375 698 854 801 461 914 190 771 569 284 507 469 729 197
105 857 679 547 515 547 374 244 332 0 460 414 218 904 164 144 309 283 673 202 925 482 609 541 96 792 568 563 595 234 863 611 212 723 950 555 999 811 827 349 824 456 425 371 747 391 750 122 807 715 764 744 632 690 414 654 142 632 145 199 302 357 909 841 917 59 357 149 416 147 761 329 392 155 298 61 180 274 531 256 924 833 851 601 566 488 943 322 849 724 275 103 191 170 111 276 472 345 375 691
645 250 574 910 988 365 581 704 617 700 0 192 446 531 76 634 804 845 807 537 596 141 768 572 300 563 316 451 388 117 407 542 905 312 789 480 284 191 388 845 465 817 214 86 331 432 246 606 417 858 252 373 369 528 70 499 921 728 197 928 123 385 377 969 968 540 852 841 860 615 457 929 87 526 493 439 926 954 946 902 666 134 917 63 861 239 66 225 682 815 947 634 67 918 545 211 59 682 329 767
499 934 196 408 675 449 703 642 181 365 77 0 103 877 286 691 137 810 719 379 599 313 95 187 106 130 88 803 410 448 392 850 153 555 448 665 473 617 151 489 499 108 277 279 119 175 238 408 935 710 378 181 389 383 918 77 785 862 446 334 636 421 491 784 513 417 978 649 318 522 814 421 477 689 334 531 819 321 594 216 235 213 417 490 813 318 502 422 265 725 540 659 910 262 601 769 788 367 591 551
125 770 195 958 1000 600 510 578 256 699 201 232 0 690 252 682 52 756 501 924 311 180 889 452 916 626 391 471 512 889 821 478 546 580 764 283 992 236 767 470 791 281 666 850 632 943 185 317 499 764 175 834 467 329 961 662 50 949 148 108 561 243 763 230 76 431 340 111 558 613 225 502 88 501 235 342 849 250 728 655 796 530 746 193 257 703 742 771 82 856 249 755 627 710 568 163 631 984 83 755
265 52 810 182 638 587 591 939 68 141 954 702 873 0 985 895 342 261 561 982 425 159 733 875 266 849 111 84 880 188 432 191 929 775 337 77 267 558 830 63 142 839 812 488 621 964 621 386 782 148 621 810 399 726 940 775 405 155 574 119 57 354 853 238 223 964 699 699 523 681 396 170 239 209 598 261 651 276 343 112 909 687 449 800 707 964 543 734 843 152 948 894 260 776 515 248 950 339 101 678
181 941 583 395 870 452 628 682 488 959 408 711 215 956 0 178 534 477 806 952 753 809 228 991 284 875 666 884 636 488 364 437 204 316 713 945 773 888 109 972 255 115 207 147 467 586 651 868 502 253 244 155 979 726 279 456 828 282 565 214 341 83 529 917 800 420 431 308 752 789 234 527 952 258 935 701 95 793 512 882 228 80 346 863 118 105 76 155 901 184 332 913 808 147 693 655 465 492 101 620
772 682 496 766 602 329 668 831 972 463 56 130 145 346 338 0 909 935 600 916 855 873 369 594 886 308 250 268 566 54 310 393 633 671 235 541 588 556 293 839 691 942 669 652 90 558 56 946 829 636 514 558 250 62 354 724 444 300 179 749 257 595 130 949 543 417 886 555 612 850 436 963 54 923 963 794 425 819 742 487 642 438 183 474 676 378 450 604 692 902 415 407 820 959 632 159 863 157 611 708
834 946 626 547 791 948 416 398 872 124 302 722 105 976 954 407 0 498 688 734 809 350 782 809 949 66 226 721 659 457 383 826 944 762 911 789 224 601 607 712 190 489 597 887 464 123 875 147 320 604 222 60 280 190 282 335 115 211 880 680 725 985 993 466 481 540 407 409 561 263 890 703 561 409 456 603 148 704 939 604 666 525 832 610 216 237 718 835 406 243 935 70 749 69 136 760 781 689 213 512
65 53 562 396 184 660 284 212 790 174 971 898 880 735 381 356 863 0 689 216 901 194 106 152 61 491 803 92 607 883 731 230 577 53 70 66 834 75 208 190 661 386 414 199 783 408 197 191 339 438 323 956 75 224 57 510 689 328 761 114 382 448 985 319 657 426 360 981 689 870 228 456 664 265 719 92 565 596 728 260 260 111 712 546 115 840 240 148 426 482 537 185 558 738 575 363 620 357 954 793
67 461 429 763 320 698 858 371 806 124 552 386 242 849 642 841 733 384 0 471 910 263 515 388 952 987 303 507 789 387 572 713 191 499 712 268 434 797 777 911 437 512 804 715 114 892 496 146 141 816 351 534 132 808 323 852 582 778 888 417 901 568 970 797 435 489 906 308 708 632 741 666 110 126 937 520 760 779 840 112 773 546 723 631 59 475 383 141 236 950 470 864 409 632 738 533 214 238 794 525
150 452 852 551 740 930 161 104 194 187 763 120 560 943 850 606 960 241 903 0 997 492 638 668 646 384 843 494 703 541 308 147 529 461 58 640 201 187 470 464 986 614 427 498 560 739 861 176 211 654 545 620 337 469 816 583 393 143 769 158 690 371 427 424 873 497 146 880 545 989 824 858 866 997 793 484 245 557 374 68 543 976 979 333 93 471 467 568 992 377 996 253 247 998 518 473 909 532 767 51
526 555 348 276 531 237 566 612 219 791 923 241 620 926 448 673 359 295 894 251 0 984 460 405 645 63 181 368 171 700 867 109 761 78 821 541 735 850 811 177 229 224 95 254 103 97 555 690 771 920 481 830 470 535 967 588 120 865 577 477 979 333 531 326 251 188 967 188 61 413 949 446 358 345 938 699 745 433 74 752 498 202 669 767 379 949 995 645 599 839 171 435 883 796 877 341 694 547 389 92
259 385 498 343 691 59 773 362 913 415 236 904 914 176 708 403 561 754 288 834 285 0 337 804 629 691 859 60 725 265 287 927 394 176 877 247 503 274 500 61 496 343 550 923 322 58 281 115 645 469 894 357 522 974 686 394 388 616 810 372 135 708 441 559 795 936 754 816 671 322 643 137 81 807 175 605 100 103 761 590 151 529 669 474 556 700 104 698 583 885 496 921 173 986 579 597 722 468 920 370
203 671 949 338 952 140 665 323 467 952 570 857 163 118 516 769 798 172 333 257 241 862 0 743 374 184 532 301 605 470 896 216 506 607 781 862 509 659 654 794 490 619 535 85 878 89 63 122 145 912 285 401 822 720 926 849 63 924 440 874 791 134 651 989 102 317 907 999 837 901 753 646 402 393 76 325 543 852 120 280 51 630 492 453 140 209 751 244 770 912 880 960 383 892 985 501 528 435 758 591
517 485 722 354 376 706 213 811 947 898 932 58 211 728 571 252 108 287 760 572 844 458 997 0 85 328 197 201 520 762 106 525 220 792 589 871 307 993 530 912 643 287 552 452 625 262 201 844 889 608 215 248 331 473 438 649 890 443 844 843 257 340 634 450 154 898 537 341 802 99 504 211 819 232 721 674 51 731 537 488 457 957 620 173 933 974 491 261 76 105 726 898 85 130 193 692 728 636 666 674
573 950 488 563 716 869 94 157 411 313 495 333 220 737 264 363 66 491 521 265 360 893 353 708 0 861 236 339 234 872 517 169 681 140 951 225 156 151 600 736 118 668 449 511 479 313 121 257 494 111 385 866 847 651 646 219 633 426 157 521 835 718 186 775 624 954 634 627 766 869 367 394 284 768 112 977 842 877 290 678 78 334 833 102 652 62 947 806 588 808 323 640 59 817 165 862 248 721 371 233
120 444 137 570 401 516 597 590 636 209 620 110 880 565 550 471 762 731 95 858 456 724 424 126 411 0 460 383 712 318 222 515 773 657 735 758 95 733 934 877 688 373 196 448 588 344 940 853 264 1000 329 503 631 750 834 459 796 681 436 227 669 363 520 197 93 306 551 207 693 644 589 172 480 545 924 581 666 605 791 727 941 292 680 63 265 427 653 405 926 812 633 64 429 304 918 610 118 892 765 818
283 505 296 966 105 957 715 938 976 990 324 900 506 742 82 906 84 914 723 126 206 820 803 648 459 244 0 82 767 780 144 857 638 254 619 843 839 711 702 166 854 377 601 369 767 146 688 438 929 539 712 705 518 984 932 709 513 301 102 574 811 131 730 397 756 177 95 636 193 720 812 57 999 546 620 606 577 520 854 677 291 454 892 296 397 598 784 913 562 744 857 682 639 93 977 636 453 70 700 672
507 423 900 229 310 374 820 922 444 587 121 935 531 614 719 125 106 269 749 998 817 660 827 424 587 888 261 0 825 923 340 639 332 156 568 127 796 315 994 607 815 162 772 909 589 74 116 863 273 638 743 706 499 474 922 463 149 196 525 407 662 111 239 725 553 829 459 902 979 348 90 209 984 326 569 851 509 553 79 214 991 333 183 418 394 235 313 420 724 595 707 906 233 167 504 443 699 195 172 263
591 899 375 576 739 523 51 935 670 95 709 536 88 284 940 852 547 108 878 450 366 435 651 250 921 103 512 80 0 111 889 336 659 137 315 295 138 433 883 825 481 628 405 801 553 968 741 301 107 909 642 235 548 452 269 78 126 929 940 138 180 568 525 632 962 410 216 617 87 219 267 473 105 777 820 442 814 344 582 833 967 988 76 558 866 417 166 688 341 831 259 418 535 164 95 185 798 496 940 649
420 906 209 521 90 992 950 113 510 415 718 493 778 849 362 725 806 885 341 941 639 177 729 994 76 665 615 343 317 0 299 132 422 656 438 283 411 64 694 586 263 961 806 627 704 435 874 157 916 552 291 958 482 970 985 605 332 140 704 64 864 441 74 919 892 677 878 735 260 429 311 685 657 729 985 482 330 187 986 724 686 575 380 805 404 875 212 252 995 317 100 904 394 934 242 652 246 946 945 440
986 630 270 521 63 947 213 315 711 469 248 987 989 838 749 289 687 547 711 973 750 266 389 947 812 682 347 473 275 937 0 930 308 917 664 412 52 388 884 561 559 703 917 273 190 332 983 480 306 300 592 488 579 67 613 782 533 295 341 374 490 814 303 723 926 148 379 585 738 677 957 534 293 794 137 178 205 777 466 683 920 729 162 681 856 597 835 947 497 275 957 526 460 757 416 319 286 782 218 360
524 938 762 724 795 867 519 868 396 96 400 829 412 327 234 841 797 129 596 549 477 589 103 521 255 350 747 660 559 276 939 0 255 428 165 513 388 971 483 187 860 346 165 682 123 463 663 608 421 513 183 437 644 605 177 203 893 763 794 985 414 572 943 607 826 838 690 441 930 582 72 888 256 303 115 859 126 273 355 495 730 651 688 90 406 479 75 322 109 380 339 552 306 418 733 73 312 142 666 212
937 322 91 598 346 569 424 275 204 452 817 960 132 393 718 434 839 674 368 254 989 322 195 351 229 142 90 182 543 921 397 551 0 537 143 953 190 643 760 446 371 382 740 568 656 666 910 236 941 707 589 503 209 695 587 319 868 168 161 970 75 650 422 978 355 810 867 669 617 567 677 260 451 151 907 434 710 210 444 386 958 870 846 322 761 866 469 970 287 666 621 646 167 152 772 436 957 522 124 103
517 645 478 95 628 945 595 210 996 181 399 66 185 165 284 100 285 756 992 549 617 129 909 580 183 987 394 92 195 55 141 888 432 0 573 363 290 334 96 602 399 948 757 655 398 69 130 355 675 866 600 751 816 359 343 784 854 756 413 69 284 609 60 776 548 868 827 599 361 308 984 502 129 71 136 327 922 79 775 632 390 469 604 350 661 747 609 961 687 460 801 201 731 270 833 465 655 527 769 330
325 674 170 107 240 588 453 992 798 923 671 241 708 491 173 259 932 549 894 710 800 956 696 855 197 636 308 733 755 74 861 577 558 469 0 629 577 824 425 100 655 107 839 628 176 706 94 882 692 710 806 618 756 526 979 301 512 450 611 481 306 495 616 437 89 270 557 539 565 56 946 96 89 685 341 981 262 685 506 356 274 222 417 711 166 316 727 255 866 195 427 891 224 547 505 960 268 64 234 152
74 940 397 553 109 343 326 558 697 417 479 294 146 187 263 646 694 826 726 379 998 328 808 631 110 497 203 100 175 158 315 426 523 159 57 0 983 313 484 199 152 760 253 886 795 332 644 77 375 357 294 475 899 140 864 437 761 434 586 192 165 177 729 116 432 627 244 733 760 197 623 369 568 251 438 704 899 113 387 740 201 825 268 415 778 867 793 447 930 497 209 942 837 420 437 380 479 976 579 217
494 92 111 173 487 379 543 295 76 268 323 108 537 853 566 706 498 283 639 580 817 997 529 956 490 55 545 881 246 806 907 386 515 792 270 274 0 885 691 258 746 68 321 844 770 573 342 96 765 886 629 637 428 80 133 972 928 405 337 364 355 771 467 222 648 733 275 995 449 821 957 772 235 170 667 273 849 945 748 172 777 209 63 544 451 633 144 91 515 224 331 734 376 377 720 553 857 951 977 904
51 105 835 586 532 403 776 216 933 412 83 125 308 932 718 482 197 174 675 301 843 399 689 927 907 111 567 855 499 326 159 301 613 352 665 898 785 0 400 572 112 550 851 648 721 300 624 557 770 854 955 435 750 478 848 113 195 395 342 705 539 877 166 619 591 413 896 575 402 389 347 804 923 807 999 434 839 465 833 630 593 513 574 368 856 691 382 87 682 259 684 65 366 393 495 922 258 422 165 422
850 555 109 674 533 866 136 737 351 966 101 246 598 223 285 730 157 594 354 68 811 291 160 191 424 314 840 746 302 830 609 781 801 653 267 681 489 959 0 68 649 494 69 138 688 818 700 771 899 932 94 535 734 598 941 291 962 462 138 366 360 406 328 992 392 193 695 462 438 769 795 381 633 716 192 866 336 417 733 784 503 900 956 469 978 623 947 666 996 580 947 927 970 293 178 543 293 689 558 399
814 774 979 219 120 934 476 654 174 572 76 770 329 939 918 435 555 365 111 628 522 489 652 530 462 255 871 616 567 294 824 218 234 311 502 517 112 343 150 0 430 239 722 310 284 859 504 178 852 916 256 534 335 590 185 872 597 369 84 930 971 818 991 182 584 478 935 726 588 648 158 116 889 971 270 459 143 121 718 307 764 735 431 552 747 85 464 576 663 361 929 189 801 560 320 307 808 444 213 729
410 592 78 662 361 141 952 393 860 283 452 375 846 935 75 311 215 615 719 735 84 57 347 990 973 359 402 499 83 330 575 439 262 860 982 604 157 183 489 671 0 915 484 102 156 166 985 717 354 373 951 514 205 473 619 804 74 346 720 164 464 535 94 56 701 161 420 102 310 204 165 330 488 718 411 440 492 54 735 177 401 636 613 919 914 347 168 622 281 124 388 587 383 313 935 292 299 253 393 165
65 888 640 478 321 239 837 629 129 496 900 457 897 696 801 215 170 299 630 423 352 805 222 265 736 726 113 342 607 63 309 585 246 859 119 419 461 307 875 953 915 0 387 785 932 108 128 363 585 498 999 884 571 211 795 865 405 539 65 949 439 414 995 911 184 122 517 150 550 711 583 510 483 694 771 268 370 458 425 136 106 106 358 68 704 593 862 279 274 950 521 396 322 764 693 999 556 786 204 429
706 81 278 158 338 62 903 660 231 967 811 976 108 138 293 392 841 228 338 278 916 828 720 342 107 721 287 647 943 738 91 173 728 154 280 179 284 369 170 243 916 553 0 912 716 790 875 245 994 410 749 724 994 147 64 148 642 971 284 762 807 465 174 83 616 597 891 373 91 604 248 170 742 567 949 160 634 512 943 719 525 261 209 628 256 532 763 696 894 203 76 984 958 849 941 922 208 321 778 290
778 620 752 734 738 897 844 774 781 264 478 646 55 85 998 198 645 371 683 628 548 280 415 158 970 382 642 585 221 369 641 109 860 570 962 196 704 379 100 171 579 651 527 0 93 56 439 122 296 225 113 790 542 661 815 409 806 109 198 475 738 185 1000 571 102 677 369 958 341 173 428 463 700 877 874 851 397 87 521 719 125 742 313 414 713 363 709 970 236 612 444 760 436 405 190 612 572 980 585 833
187 309 704 128 576 84 409 164 485 155 546 481 548 738 652 967 440 167 977 855 944 374 536 315 597 758 246 117 498 587 944 556 52 901 474 299 737 878 121 533 493 704 177 673 0 108 57 197 588 239 98 296 233 819 797 434 266 599 334 74 469 450 503 754 404 975 981 351 154 99 751 952 674 143 399 248 122 717 464 848 998 995 68 672 407 275 386 742 792 741 171 860 995 555 220 231 721 920 487 455
669 948 257 790 893 104 246 487 314 150 560 285 452 343 149 578 931 506 155 166 915 986 550 748 424 306 148 586 346 973 501 394 52 958 119 472 392 241 719 94 860 542 444 296 875 0 141 426 169 927 264 647 422 572 214 867 386 224 303 849 644 878 717 619 437 693 542 203 751 883 559 772 288 339 160 997 196 282 639 787 440 425 828 331 537 180 233 827 797 474 348 214 374 916 355 808 777 551 716 675
278 516 276 984 988 931 477 620 389 495 552 550 209 315 974 674 375 690 935 919 821 737 688 737 275 999 796 494 356 142 314 413 67 443 365 914 836 907 166 702 518 938 622 902 871 663 0 215 248 716 208 374 583 606 879 759 230 88 498 277 63 865 305 714 513 368 607 319 463 966 456 465 673 171 226 717 199 826 771 601 634 698 711 695 394 285 618 291 902 762 165 517 82 615 302 948 53 874 551 211
218 621 931 103 952 96 461 117 958 957 716 192 980 425 103 397 353 894 964 731 481 67 801 890 322 380 177 536 690 596 126 330 150 805 642 97 1000 451 796 960 567 995 745 584 659 717 94 0 458 384 449 57 868 65 831 280 824 416 991 681 583 641 449 497 102 366 767 147 913 414 861 607 516 689 838 348 667 209 592 458 382 536 200 723 643 407 329 768 774 426 830 774 644 132 67 268 152 920 209 234
299 150 817 404 827 139 477 557 450 200 391 302 590 394 579 89 340 582 682 491 645 78 719 612 76 492 491 321 712 976 793 149 283 120 743 873 528 312 131 407 604 431 220 137 983 257 251 822 0 836 490 465 218 412 318 366 386 50 552 979 590 987 532 831 812 158 968 524 534 259 109 425 481 486 367 874 869 779 161 384 362 601 765 589 130 875 887 538 809 927 114 712 903 700 776 939 134 641 331 531
739 235 395 216 470 375 625 67 997 635 604 485 928 484 703 152 134 88 923 834 378 848 275 298 854 138 345 720 239 333 791 683 74 883 688 452 547 532 991 281 81 421 91 249 641 113 942 550 821 0 140 631 570 947 158 406 521 689 333 58 303 589 117 908 663 995 696 993 494 780 367 436 173 249 841 414 341 589 462 114 188 609 649 427 464 454 404 521 536 571 126 175 709 448 668 972 528 256 490 166
344 757 196 322 468 80 259 232 405 672 224 74 969 620 812 238 964 255 69 896 183 352 193 261 219 305 439 489 803 769 885 398 252 258 769 741 608 710 462 568 148 758 682 843 434 405 756 606 585 801 0 311 566 527 590 517 921 340 461 94 215 61 576 867 247 852 387 149 296 145 740 515 435 553 372 333 792 203 226 956 489 641 396 998 515 272 894 868 856 437 926 526 303 724 604 785 225 471 212 367
899 150 945 268 798 284 712 241 1000 554 81 281 195 560 642 372 659 546 188 665 600 381 187 965 841 394 246 943 961 255 401 267 122 907 913 399 448 564 364 505 811 212 192 939 450 589 778 673 391 924 60 0 64 867 279 434 754 113 433 154 378 100 167 361 547 290 90 988 203 450 466 945 223 747 897 714 803 88 59 603 976 963 190 807 685 84 553 594 667 925 554 934 722 168 410 972 399 655 245 361
415 250 151 803 60 161 737 380 445 203 867 343 371 834 786 765 564 872 439 909 412 310 170 75 311 433 559 367 632 450 737 431 816 861 790 442 330 310 422 842 265 806 821 388 737 785 888 871 399 98 84 712 0 128 412 552 99 860 550 636 821 818 1000 428 624 508 963 189 180 849 492 385 496 550 335 232 885 473 702 224 775 951 412 289 222 875 687 831 404 545 734 862 569 921 216 84 576 625 270 80
258 217 202 174 199 74 858 821 394 98 768 468 176 173 768 376 658 813 874 200 597 159 560 838 960 620 607 622 722 935 418 230 592 55 88 350 109 238 893 975 513 120 492 842 849 637 138 531 231 872 182 238 331 0 56 187 107 518 490 678 960 610 466 626 505 753 497 913 621 291 719 285 332 208 828 466 216 196 444 847 877 942 116 697 301 958 462 774 801 77 323 418 881 430 161 518 525 96 697 463
462 294 995 108 406 417 275 1000 470 671 861 429 723 976 567 698 738 351 307 292 854 461 596 230 602 808 147 157 964 569 362 446 953 287 429 719 97 560 891 772 631 768 568 101 642 852 331 526 455 265 292 143 770 258 0 578 697 101 214 353 685 830 103 108 193 791 362 686 860 125 929 613 182 906 307 686 176 937 112 197 323 555 548 352 114 72 229 837 783 144 756 270 685 694 235 349 271 257 973 260
870 757 507 671 808 705 599 873 233 643 932 810 330 232 880 502 954 307 132 966 628 130 664 130 158 555 381 696 936 732 987 137 834 151 109 519 81 882 129 519 535 544 852 352 720 818 429 525 935 216 512 405 294 796 397 0 747 753 441 500 782 636 620 860 414 75 886 821 58 589 274 656 446 621 552 647 619 921 366 84 187 186 532 395 643 109 83 919 992 607 392 901 438 363 475 373 519 495 473 819
498 673 582 403 197 387 611 112 501 497 365 90 790 118 334 398 887 92 571 122 468 284 613 524 746 983 183 358 421 991 314 769 288 331 68 711 394 455 391 432 372 125 493 649 863 775 549 537 935 226 770 755 922 871 796 82 0 448 504 331 529 688 833 174 826 209 149 688 183 527 247 223 481 225 963 622 320 142 661 232 437 283 426 896 147 226 434 525 55 159 543 522 788 100 922 75 708 971 97 151
377 966 951 158 840 69 741 249 316 698 459 550 246 137 629 543 449 578 605 415 288 129 157 226 412 536 140 521 941 468 132 175 416 698 301 146 266 671 878 280 799 439 969 774 709 783 915 84 870 458 382 321 601 277 897 299 647 0 611 231 831 77 302 53 389 958 681 611 393 152 524 932 547 791 839 277 634 186 420 244 539 279 533 527 964 887 65 566 380 334 167 250 637 593 925 410 794 554 836 90
560 682 235 280 609 405 149 542 878 734 676 125 660 481 795 452 866 53 754 785 414 107 358 177 369 621 195 528 964 978 657 52 666 107 729 607 357 418 228 219 136 105 316 153 164 109 812 552 880 506 425 795 389 935 777 160 563 235 0 962 227 606 610 485 200 715 615 840 691 270 884 957 470 316 69 407 126 279 733 53 894 174 614 403 375 119 289 104 648 602 787 443 211 818 195 432 375 786 552 180
864 655 636 128 318 871 842 871 884 591 582 587 421 254 727 354 192 106 914 172 662 53 925 80 400 163 454 443 743 587 774 257 510 439 87 883 740 103 84 543 884 283 618 455 128 275 898 441 653 336 276 403 501 754 977 516 636 860 377 0 169 168 320 804 760 480 735 998 394 963 801 855 691 74 979 136 741 992 134 183 741 246 863 103 162 545 970 772 449 285 691 996 610 813 625 455 218 667 679 222
510 732 293 719 846 86 719 189 531 879 121 506 334 752 119 461 903 67 847 442 500 160 659 183 108 351 721 372 669 605 806 444 849 340 778 859 904 539 639 607 673 732 729 369 212 321 815 231 536 279 988 803 227 985 411 853 331 753 830 924 0 366 706 530 214 543 51 995 242 469 68 373 563 990 511 736 932 287 692 495 379 492 172 757 119 534 364 258 916 205 134 507 845 212 673 859 396 515 742 528
836 128 926 358 636 638 328 224 474 473 71 134 535 387 293 553 464 302 479 944 273 322 636 559 785 812 370 554 484 123 342 873 77 55 513 837 513 909 685 601 593 825 918 308 797 419 286 516 525 775 657 525 704 914 481 375 101 261 877 201 237 0 880 72 129 253 241 453 50 254 187 712 902 988 962 744 203 170 711 424 926 367 524 839 636 571 362 653 108 70 931 583 619 698 702 501 819 256 793 186
692 866 902 943 744 75 650 653 180 644 730 697 218 212 270 616 448 634 676 601 493 376 540 480 914 633 763 230 59 74 340 720 949 582 383 506 701 872 871 443 401 883 233 633 804 563 609 349 957 644 378 105 73 206 80 346 586 823 786 112 494 870 0 424 983 913 365 747 793 81 995 770 301 513 812 143 225 410 114 561 121 825 344 394 489 392 68 99 904 290 234 873 770 756 318 583 60 777 880 827
383 380 719 793 433 802 273 153 623 714 80 189 520 224 557 276 461 739 909 687 591 831 867 724 739 666 921 790 784 80 219 569 864 772 988 270 685 379 553 366 945 220 286 325 962 513 589 58 248 142 933 489 873 909 743 933 730 833 837 673 293 271 63 0 319 128 854 413 586 247 394 59 290 992 245 487 295 536 323 331 148 812 805 729 477 518 857 326 164 272 732 916 155 563 233 153 604 102 769 970
966 835 123 200 950 755 557 968 693 386 993 337 887 423 981 210 372 737 197 762 169 551 600 560 750 334 249 606 922 589 611 525 918 834 447 178 704 720 244 607 411 121 822 845 403 673 726 636 870 839 611 434 869 963 211 643 826 387 233 103 458 863 872 501 0 140 401 377 422 361 380 313 153 910 679 602 913 606 752 439 801 426 362 533 657 972 336 981 64 181 821 441 627 917 925 875 259 105 534 790
400 492 244 438 644 389 184 416 752 532 535 186 911 164 849 952 939 69 533 154 993 128 948 108 165 174 928 303 772 265 746 300 203 612 805 163 628 404 84 932 302 620 84 301 934 123 943 200 891 740 246 82 224 574 356 472 624 842 484 396 868 134 565 292 215 0 811 203 721 159 300 772 489 752 307 926 479 414 629 887 759 619 374 483 458 869 362 673 878 657 612 408 163 299 189 163 680 88 805 264
810 887 951 456 330 705 327 760 970 367 686 998 71 378 770 652 917 872 574 629 91 314 251 296 558 799 785 330 940 646 226 176 750 742 328 191 394 946 578 871 219 558 422 953 703 922 512 923 904 452 731 298 107 237 206 375 227 237 84 524 537 580 392 401 587 699 0 880 91 398 619 781 640 194 359 975 94 688 586 962 524 775 938 871 255 270 744 334 152 58 614 333 282 902 280 357 403 617 744 868
668 655 935 161 568 451 989 771 637 406 273 342 216 458 848 699 65 425 532 768 292 551 693 67 201 263 356 161 67 525 886 575 558 886 435 871 883 407 581 890 374 547 510 584 265 720 728 296 508 125 145 746 311 799 417 521 104 105 310 305 186 249 215 892 285 521 825 0 397 696 857 910 696 767 988 853 703 307 201 917 422 402 701 832 624 181 984 532 603 404 703 264 226 782 248 190 483 888 539 72
258 262 98 331 273 810 310 242 871 452 184 250 500 73 391 427 323 445 790 938 112 853 1000 809 254 795 314 642 596 123 329 258 879 542 864 195 189 499 135 851 366 372 506 111 547 195 959 431 186 618 984 388 946 844 222 437 781 532 117 529 295 99 252 134 434 619 303 677 0 229 244 383 370 493 511 758 59 839 503 607 200 74 806 162 966 260 539 58 208 93 744 339 724 146 798 771 283 622 382 454
606 573 107 614 321 864 762 819 408 164 141 645 550 473 853 460 974 157 588 271 647 652 753 218 526 126 950 117 669 86 795 436 157 566 436 269 153 387 477 595 888 989 222 625 152 501 234 463 988 143 593 128 722 243 487 450 407 262 635 725 526 703 242 77 977 203 192 548 260 0 850 197 53 487 883 771 477 625 774 639 642 869 836 358 537 182 991 570 698 328 973 216 101 82 513 649 86 684 870 199
509 149 838 569 884 170 608 777 420 350 65 582 296 971 724 91 81 596 992 447 910 566 834 961 933 125 77 354 330 82 823 108 429 97 90 623 93 929 53 518 85 564 777 981 445 50 844 164 135 530 111 937 804 198 784 679 692 720 71 929 518 539 267 370 332 186 657 847 910 607 0 429 280 429 930 386 927 988 63 653 603 154 59 824 350 304 589 522 555 240 726 898 182 260 528 213 882 273 859 608
730 941 955 170 795 755 122 723 283 935 445 72 488 552 728 823 85 823 55 790 539 911 121 486 952 969 109 156 339 409 375 143 662 895 304 391 430 51 863 722 700 844 411 923 309 875 221 797 612 175 901 362 544 593 384 275 636 399 124 752 942 73 176 559 495 223 385 821 904 362 696 0 975 838 148 360 845 299 407 498 898 577 111 613 481 157 786 461 760 518 346 140 189 386 452 560 485 615 495 478
813 924 764 193 455 953 797 293 456 197 998 413 1000 368 130 888 540 825 236 77 916 473 154 147 447 56 999 74 815 722 258 110 191 233 945 894 232 856 107 655 349 166 854 427 310 85 887 143 820 781 354 837 789 77 412 616 54 247 444 526 897 532 308 407 722 988 476 468 839 493 309 840 0 812 384 791 277 940 251 925 99 154 752 118 72 354 661 93 112 579 511 899 446 77 980 620 875 628 679 143
534 154 754 154 432 432 352 426 316 126 89 104 150 596 355 826 758 643 134 678 926 337 949 65 282 765 734 726 893 818 786 457 719 940 170 301 789 786 230 358 969 113 918 942 222 257 855 93 362 497 550 608 904 680 767 534 117 467 290 357 996 128 921 421 934 100 73 636 461 447 928 329 428 0 76 152 356 217 127 774 896 980 240 745 721 760 141 411 350 592 376 305 177 115 720 741 309 482 289 100
811 345 238 362 409 316 837 960 951 725 606 878 910 986 848 472 893 908 898 351 253 352 385 535 230 426 642 320 163 659 204 733 698 764 989 294 508 474 962 705 467 983 997 174 813 331 986 696 111 626 156 962 504 199 603 516 441 710 850 580 627 893 459 670 113 732 848 481 566 870 393 647 635 304 0 500 465 749 265 946 278 264 298 697 285 116 881 376 482 891 667 804 670 442 840 571 210 920 992 460
92 493 569 937 806 270 584 993 630 898 99 842 167 754 235 687 308 508 734 519 402 75 717 789 481 226 105 665 640 317 898 229 828 850 776 384 673 181 107 560 685 945 225 118 211 158 939 360 305 618 795 276 391 182 151 617 69 451 255 379 437 590 359 804 194 139 467 714 297 119 606 308 913 355 238 0 249 412 511 55 821 449 490 681 777 628 99 448 210 629 99 405 387 134 356 375 115 675 306 985
649 715 470 551 401 752 709 140 367 137 732 625 923 988 184 654 700 510 574 186 972 88 964 981 850 571 979 758 281 197 688 502 650 193 189 51 635 755 681 60 794 344 492 558 546 271 700 980 749 333 209 192 374 979 442 980 942 535 306 930 420 946 422 468 149 135 991 627 108 361 489 294 73 783 500 470 0 1000 418 744 347 805 396 463 131 435 489 437 669 790 404 214 436 673 472 896 283 188 338 224
408 942 467 448 856 83 431 78 916 830 603 911 510 98 713 418 939 580 618 858 52 167 511 767 775 911 875 356 583 441 837 468 904 851 219 962 945 181 498 945 621 576 685 141 321 246 152 515 718 381 754 262 829 544 311 782 937 345 495 326 403 704 541 648 245 315 162 882 720 553 394 168 151 95 722 806 464 0 467 327 254 104 604 269 979 682 976 368 437 715 944 613 290 739 137 752 966 464 124 274
133 50 917 230 551 832 834 870 831 684 931 600 583 367 251 228 432 712 703 810 488 636 688 498 434 829 369 709 163 363 571 382 929 824 794 755 115 656 274 906 939 184 401 573 636 348 851 104 304 252 111 379 413 940 968 493 542 389 500 947 715 751 444 859 557 394 297 854 871 493 116 423 189 183 538 128 238 422 0 955 492 776 643 143 619 766 515 520 942 739 103 335 710 777 703 432 601 571 880 464
253 886 105 67 489 722 651 405 314 158 681 567 739 244 614 523 228 233 101 450 712 548 460 721 122 145 658 961 553 264 300 943 756 859 498 763 256 484 889 284 782 615 428 357 883 679 432 375 750 887 198 70 177 957 359 238 392 300 223 469 272 778 971 513 598 61 155 681 452 437 718 194 473 332 996 265 947 388 656 0 163 89 994 934 822 166 438 91 452 535 167 498 786 508 584 876 258 558 164 569
510 279 241 806 220 403 723 367 167 975 325 669 527 144 467 242 227 159 808 212 145 782 195 638 386 631 470 451 917 390 700 533 777 108 106 506 902 630 491 787 92 926 923 859 372 712 462 566 652 332 680 394 240 981 600 503 461 674 386 917 294 675 278 350 380 568 96 213 872 602 886 574 237 519 103 408 710 267 989 976 0 139 449 235 329 758 881 613 334 706 248 368 671 169 343 163 556 994 482 697
408 744 929 530 544 687 192 467 842 799 109 537 670 755 812 507 858 864 643 272 178 516 735 654 873 412 537 196 482 585 831 456 199 161 682 389 882 653 586 863 297 771 368 769 228 513 861 535 478 432 657 784 906 419 75 276 389 864 979 854 148 674 979 670 616 501 271 902 478 606 469 906 215 827 912 449 603 742 800 938 69 0 712 916 407 648 815 576 817 616 206 334 92 792 683 439 657 188 679 171
425 377 676 137 425 221 505 284 594 518 102 974 968 834 476 499 289 451 427 480 149 257 854 699 594 513 643 174 645 218 231 724 187 451 119 109 119 436 270 512 754 962 320 723 541 900 483 537 924 71 386 880 546 768 420 757 139 454 498 610 323 882 582 859 291 152 575 703 718 414 731 504 884 886 596 421 943 333 308 820 257 171 0 355 351 269 917 645 743 400 859 862 77 196 445 500 298 632 345 470
704 536 809 864 274 999 568 783 118 213 296 82 64 54 66 111 814 104 445 436 231 545 614 642 297 821 787 87 148 57 198 648 54 112 85 159 194 988 964 798 611 988 607 208 167 921 883 920 769 973 188 174 964 320 555 966 834 718 651 796 502 908 425 667 226 613 510 761 317 539 729 122 69 466 192 903 525 628 236 707 612 414 399 0 834 402 245 894 68 168 430 277 389 880 301 297 246 880 277 179
580 473 64 263 403 233 671 836 625 615 707 546 897 359 406 140 307 757 217 854 324 636 435 737 575 405 205 78 336 231 672 612 315 813 710 94 307 580 788 271 433 805 192 604 236 818 132 906 157 272 603 483 757 642 859 371 579 729 147 872 544 514 819 639 346 735 722 307 606 500 435 568 658 397 429 478 472 417 207 66 435 514 323 714 0 830 577 169 205 565 873 618 426 965 834 172 655 917 216 663
564 925 418 520 103 414 355 409 648 558 569 997 399 113 509 350 742 430 789 384 808 948 421 296 920 216 367 55 819 384 685 667 266 791 911 728 502 203 91 335 613 137 1000 882 362 968 316 79 618 638 453 533 149 304 540 914 554 250 415 393 551 865 468 425 853 950 239 733 496 132 954 999 648 382 564 610 869 643 430 526 905 211 581 870 719 0 911 220 267 251 743 445 650 340 118 644 730 350 522 386
928 540 475 209 177 891 116 555 323 347 249 218 827 300 552 739 349 574 259 697 261 863 302 261 634 557 800 746 407 598 339 395 770 699 127 595 234 833 272 598 910 874 604 624 340 692 676 828 137 453 959 496 694 85 678 905 409 452 542 277 827 97 345 201 325 311 567 393 494 488 773 175 846 803 495 66 240 179 223 896 834 478 879 72 319 326 0 921 76 679 902 525 423 379 534 890 694 791 712 173
392 610 649 403 716 877 845 547 244 665 388 195 972 495 734 247 655 243 722 677 775 774 195 662 484 168 337 276 926 63 77 622 176 228 78 492 699 79 778 765 742 870 962 126 810 657 491 414 426 59 740 79 931 267 186 120 885 426 568 469 391 453 139 646 255 653 667 478 691 398 997 734 166 511 719 611 116 515 842 247 430 654 395 235 234 267 594 0 625 856 755 767 590 322 996 662 870 825 774 93
707 354 654 113 286 431 868 828 507 856 919 490 860 596 510 893 236 369 357 412 751 746 308 165 323 809 143 56 830 588 535 597 787 789 89 691 321 589 297 90 983 404 698 223 576 310 537 711 837 163 669 107 50 403 721 975 927 773 344 376 832 115 366 427 883 645 285 789 400 839 907 422 234 374 278 745 419 485 256 633 233 774 983 920 480 672 528 888 0 405 464 562 207 858 63 223 477 457 789 321
771 674 192 60 878 320 360 571 441 989 72 818 230 259 451 112 145 836 413 595 234 851 743 860 541 367 889 996 265 823 235 204 634 61 779 615 103 835 404 306 678 384 829 55 335 860 599 212 630 118 979 83 736 115 154 329 557 421 295 840 539 928 746 292 357 185 500 537 506 983 80 162 982 765 590 805 976 778 724 75 415 640 322 471 890 847 65 387 442 0 577 984 236 484 740 962 602 745 666 934
713 844 237 845 897 924 966 593 835 782 603 932 240 722 963 624 797 117 418 953 900 607 232 447 369 520 757 518 786 849 505 710 917 399 83 146 242 497 965 236 617 784 958 539 553 62 519 308 697 567 973 757 571 181 645 613 683 173 989 684 964 384 448 922 953 833 578 68 937 517 479 869 362 648 142 157 796 894 271 229 719 718 675 287 174 857 937 271 185 508 0 889 940 630 227 681 580 95 54 984
621 217 947 305 737 632 292 598 122 175 765 124 817 547 483 168 619 100 611 599 631 947 91 101 803 448 410 601 621 76 878 601 909 138 740 745 638 116 707 797 621 185 660 629 298 275 326 336 324 331 902 879 466 514 752 642 837 392 51 808 845 727 580 191 811 128 348 329 551 375 1000 643 688 79 228 340 632 287 632 526 779 756 317 159 97 667 559 95 875 672 223 0 244 668 304 323 963 757 139 969
845 979 118 820 270 815 193 620 195 170 720 356 391 517 523 180 163 460 96 165 918 402 385 473 934 89 276 508 506 374 350 567 91 695 687 148 815 465 958 258 839 233 425 128 318 278 192 620 849 330 666 202 264 466 406 824 816 127 860 710 535 360 450 113 398 835 476 212 947 137 166 155 949 737 170 308 712 760 410 732 481 845 609 727 876 649 160 639 438 884 207 822 0 634 509 778 228 410 923 309
614 382 108 260 933 796 903 246 899 707 701 891 958 361 278 246 65 562 250 363 372 447 106 446 508 338 209 637 721 984 470 143 207 505 509 137 114 648 590 898 321 780 111 509 606 978 369 525 242 955 738 270 901 853 597 899 904 608 726 607 490 861 684 520 196 658 214 65 337 638 567 615 185 342 734 772 804 465 533 932 300 157 848 849 704 270 391 389 393 444 277 73 846 0 371 868 396 785 504 813
167 805 704 920 403 860 281 245 813 264 516 457 147 124 360 305 368 847 210 553 668 599 70 774 97 968 609 603 193 269 513 424 167 448 345 416 510 447 185 211 901 652 87 685 340 958 587 342 920 845 459 638 123 429 702 589 601 769 396 334 797 211 52 782 842 582 647 99 69 773 857 76 754 496 78 100 505 690 281 360 597 730 943 521 707 716 88 54 969 361 113 854 859 568 0 103 134 968 525 494
629 735 737 611 847 594 422 513 441 985 647 649 153 506 219 707 181 950 328 655 362 934 757 803 81 519 627 578 834 283 873 962 335 847 308 546 801 278 828 139 510 206 118 239 438 849 924 821 360 369 467 327 81 211 807 83 532 164 769 767 944 443 281 667 71 922 153 779 415 281 652 406 144 436 98 389 107 579 154 284 455 371 275 933 570 967 141 95 844 247 185 110 397 773 995 0 179 730 556 446
956 467 577 397 813 692 828 882 65 483 241 355 515 160 831 162 218 313 400 330 150 911 313 405 678 374 78 659 235 203 648 55 117 243 976 69 203 84 883 389 490 756 320 644 396 551 523 228 776 577 251 453 266 762 867 778 818 235 984 802 971 160 727 741 929 516 747 692 881 628 389 265 638 483 122 360 742 796 391 351 751 410 740 747 129 389 841 786 559 55 273 108 840 762 600 861 0 334 974 257
652 651 390 163 163 387 998 870 649 155 184 577 895 944 593 362 296 112 630 726 315 663 581 958 765 373 764 391 789 494 706 703 720 78 955 139 232 465 494 923 888 269 189 116 838 937 63 380 773 380 918 264 351 121 958 806 758 212 70 578 614 407 377 114 130 532 179 647 987 295 128 109 415 224 200 971 838 161 685 880 220 944 380 143 483 984 127 389 77 407 805 313 132 73 781 954 794 0 910 559
247 969 819 666 672 730 980 870 466 797 233 175 681 347 931 197 615 267 762 887 776 471 909 783 537 445 494 164 340 753 785 140 630 485 502 73 726 713 165 437 436 407 229 397 870 751 545 232 331 558 108 840 774 268 69 903 705 748 112 170 745 785 354 431 364 843 315 206 869 993 257 900 453 402 251 379 295 797 683 733 440 55 797 353 889 901 334 82 503 583 627 717 205 916 487 756 101 671 0 499
467 114 725 883 885 601 427 812 731 503 592 612 136 79 795 157 967 423 741 502 641 964 968 975 492 282 658 206 874 600 534 963 616 622 454 866 605 127 952 594 387 394 822 907 588 664 465 104 578 651 306 862 533 719 66 864 294 334 134 679 724 913 74 211 412 163 359 854 995 278 246 982 60 778 142 932 769 653 81 505 366 141 220 611 228 859 456 239 335 123 258 830 700 578 907 444 331 569 607 0

Prize Vector:
76 47 41 73 35 48 84 33 100 91 72 60 29 100 37 81 5 50 48 51 41 43 56 97 81 100 91 6 66 35 86 11 4 75 54 94 92 80 41 80 92 21 88 63 65 46 77 33 12 76 93 95 90 96 32 91 46 43 23 14 12 72 90 93 34 78 26 87 76 54 17 92 61 60 25 47 8 75 89 26 41 63 92 94 73 86 44 7 51 58 89 20 97 80 12 18 61 76 31 12
Penalty Vector:
681 598 186 483 158 611 508 46 160 398 212 332 204 569 98 276 419 299 647 152 89 201 182 649 404 629 709 636 532 115 49 696 672 6 722 278 584 75 250 369 449 145 729 51 387 534 721 375 217 94 81 520 67 712 195 514 369 417 61 290 53 70 294 473 305 623 553 502 371 244 462 26 452 376 703 444 674 241 301 135 650 706 243 228 29 179 594 313 312 147 599 431 220 693 576 359 397 224 200 94
