Cost Matrix:
0 541 622 246 236 518 347 133 771 672 501 439 518 629 607
996 0 735 454 319 685 900 990 874 604 358 230 476 63 67
123 751 0 172 503 424 649 52 741 921 254 106 156 156 405
824 768 762 0 977 272 505 149 719 718 842 219 359 756 509
675 96 785 523 0 606 953 701 257 326 245 180 591 554 721
535 269 854 619 150 0 642 993 768 341 64 589 680 438 428
540 664 532 895 341 710 0 54 258 852 674 91 338 144 212
305 467 834 583 554 439 719 0 855 562 475 975 944 645 623
714 464 138 184 710 935 449 911 0 453 95 852 891 172 822
571 316 234 403 835 373 637 421 287 0 768 112 517 977 67
110 801 559 589 997 993 677 743 805 329 0 388 576 670 335
671 385 284 805 664 847 207 210 87 762 306 0 623 227 538
726 434 135 63 926 554 301 994 769 908 657 273 0 155 660
357 299 90 314 798 352 507 192 267 504 640 315 514 0 486
819 194 638 501 607 689 68 685 167 380 287 668 998 837 0

Prize Vector:
24 55 9 32 18 44 48 80 41 66 82 1 10 67 97
Penalty Vector:
731 643 61 311 694 687 182 731 226 683 256 275 503 592 627
