Cost Matrix:
0 428 739 855 228 54 774 196 935 536 960 177 804 482 415 387 231 110 645 942 998 372 433 245 377 93 441 351 939 395 303 673 371 859 202 135 81 894 103 430 520 218 879 773 904 859 542 809 651 504
266 0 311 920 231 432 970 70 282 723 949 157 357 575 900 596 597 195 332 54 872 502 990 683 805 694 94 294 428 943 872 372 297 874 163 395 871 574 160 451 805 696 825 556 280 864 849 628 418 399
697 149 0 230 470 545 117 608 669 968 276 785 955 767 870 93 484 964 734 189 437 985 631 125 95 447 200 761 804 922 871 335 798 660 445 662 779 752 379 238 586 930 793 229 319 460 146 414 292 824
789 516 395 0 173 481 529 756 143 475 573 906 744 96 597 870 326 134 146 80 383 740 737 236 933 558 848 278 220 790 863 553 247 587 240 55 99 127 584 210 721 966 417 91 441 762 108 343 531 333
121 647 577 240 0 941 384 278 589 61 811 466 199 918 879 432 332 595 894 392 418 819 597 289 598 584 234 926 450 166 362 219 420 875 674 403 679 78 462 860 593 465 762 915 281 741 609 581 809 309
716 205 113 949 594 0 889 257 985 542 588 297 789 803 55 909 554 868 153 180 383 557 65 955 386 707 692 345 696 116 852 154 185 350 697 697 212 315 604 527 712 197 898 863 185 470 941 819 732 59
318 339 457 967 800 549 0 839 134 862 726 673 353 762 376 700 150 181 672 132 100 758 857 350 485 75 747 342 790 899 218 816 361 730 170 306 658 705 465 757 275 202 286 57 775 505 515 930 531 999
95 207 648 897 524 933 506 0 332 372 618 587 123 760 486 244 867 191 141 851 426 891 641 464 544 287 668 844 276 84 489 399 419 284 306 460 796 804 791 816 346 420 217 856 448 134 538 989 949 125
868 694 878 614 235 76 426 472 0 812 394 532 248 278 447 71 192 882 226 994 684 922 174 424 671 319 985 865 976 637 244 423 609 192 675 151 534 584 690 496 580 525 567 556 196 309 111 127 490 303
487 915 314 634 455 594 740 356 213 0 111 888 191 572 773 764 868 145 383 962 455 154 137 675 935 332 783 477 393 163 565 538 509 249 540 901 651 843 404 714 815 297 443 602 135 819 690 207 714 250
347 157 202 632 740 478 142 612 627 691 0 887 443 864 188 179 489 195 941 988 854 641 737 926 827 952 722 993 685 916 785 364 986 943 325 805 268 384 963 598 934 398 670 493 847 543 959 941 304 234
139 405 524 723 260 987 889 692 755 881 121 0 449 651 368 337 215 237 121 812 391 289 776 602 941 576 368 598 191 806 454 667 467 992 497 612 865 230 178 132 802 629 860 436 784 414 113 479 808 625
308 746 871 193 620 789 641 186 611 401 401 229 0 417 86 599 480 219 504 490 642 217 414 476 363 201 209 698 193 711 590 721 313 559 92 252 958 984 974 698 95 216 862 862 789 208 61 983 280 747
877 157 656 128 117 741 935 892 745 632 521 296 335 0 392 224 90 346 813 307 424 766 338 782 482 685 815 832 67 617 779 554 998 951 800 561 200 669 189 634 852 538 220 949 263 537 384 480 221 643
303 444 705 341 872 453 820 846 547 733 954 549 981 206 0 874 408 779 533 225 227 850 851 297 483 344 260 933 776 179 760 248 1000 506 787 203 765 324 840 264 860 488 936 527 598 178 450 503 249 256
287 177 769 664 64 894 677 620 281 898 656 805 543 989 971 0 283 331 154 514 201 764 231 724 577 288 800 778 247 218 436 678 650 723 59 970 566 315 186 966 390 155 642 741 450 305 370 875 390 793
931 111 138 591 482 950 99 276 870 878 229 411 500 977 910 475 0 878 50 362 158 605 234 658 222 978 257 427 323 548 154 724 127 380 83 152 93 721 202 73 838 669 457 272 678 248 829 348 381 218
443 510 179 536 360 99 814 319 67 740 601 841 404 262 109 771 350 0 521 352 628 163 596 525 846 326 630 690 397 215 761 804 701 886 374 473 524 834 70 443 84 355 69 952 934 601 104 661 411 819
900 341 917 559 544 961 742 966 523 644 957 365 439 318 763 633 355 225 0 521 953 603 442 969 832 853 759 242 140 910 247 695 570 579 672 459 309 970 227 458 256 549 935 993 233 987 801 659 117 616
568 859 81 859 148 943 868 571 695 350 969 105 643 779 668 417 338 609 382 0 438 729 562 489 603 205 65 657 238 943 881 582 502 699 886 371 820 681 669 373 973 401 549 662 359 160 418 900 971 107
890 619 499 708 290 938 860 871 874 866 160 804 912 291 464 764 584 126 778 908 0 573 835 422 773 186 883 285 634 840 248 388 999 858 797 637 201 339 714 833 645 308 537 980 497 398 568 445 471 185
244 129 487 209 534 191 805 925 401 448 482 701 741 883 275 543 436 766 551 425 739 0 491 458 113 642 887 510 440 252 138 785 925 833 599 516 577 101 571 698 885 264 485 772 530 562 311 946 137 501
422 752 516 384 541 867 869 953 303 822 531 595 456 610 394 841 606 945 857 422 876 515 0 916 545 73 483 364 829 179 383 447 472 809 572 947 825 115 163 249 593 676 704 703 591 321 206 825 424 176
703 744 957 850 820 533 900 296 59 667 378 710 410 861 260 297 526 647 434 240 225 53 210 0 576 292 387 556 548 187 957 652 992 478 712 989 276 839 333 201 866 761 850 113 414 970 253 862 561 737
74 454 414 938 310 723 798 56 786 355 885 377 786 627 458 948 350 74 480 696 645 296 963 370 0 357 159 444 340 289 354 367 746 659 282 220 665 608 96 564 769 274 880 593 610 963 311 982 932 294
379 908 799 541 483 308 784 780 116 237 126 689 350 65 209 690 357 202 390 596 661 534 494 749 579 0 328 488 476 676 884 612 681 854 471 444 216 123 64 514 995 945 847 325 722 462 1000 83 464 412
512 722 798 204 217 619 293 102 673 976 198 779 499 57 277 146 129 357 382 405 951 850 537 268 700 966 0 364 133 84 369 692 431 541 780 634 69 760 957 484 518 813 321 630 890 581 701 845 831 62
457 413 56 173 724 279 660 732 108 144 723 107 142 198 532 955 657 50 526 844 707 672 513 915 568 734 375 0 321 89 737 993 403 679 361 845 991 881 838 90 479 294 148 172 376 66 810 398 977 365
377 702 697 129 481 469 648 167 460 372 752 843 668 405 94 224 876 619 421 70 406 252 477 52 88 279 371 758 0 303 891 570 849 241 562 730 141 553 649 888 384 436 562 334 172 864 753 602 904 677
741 913 110 450 341 221 910 475 596 971 967 117 314 866 355 106 472 444 970 269 273 757 460 943 121 819 394 583 927 0 903 392 85 177 317 791 390 528 981 183 196 359 300 647 178 73 816 540 699 648
573 656 311 483 108 51 205 218 378 853 948 679 401 405 303 244 691 384 515 249 233 890 525 657 973 350 590 227 622 974 0 367 97 781 204 874 911 487 476 581 763 587 634 656 480 919 826 297 405 352
982 856 134 993 228 728 803 784 714 370 848 605 323 817 993 710 747 153 291 357 721 895 893 113 862 608 448 793 706 598 681 0 667 330 524 66 760 218 88 474 474 429 312 54 982 937 759 467 877 386
743 545 346 381 936 131 83 500 997 119 352 898 362 283 691 886 671 435 832 171 616 430 518 771 298 976 960 231 55 891 425 280 0 132 472 783 740 818 626 151 174 536 866 348 941 762 566 289 281 936
160 669 994 460 56 892 558 765 467 902 402 915 144 209 886 80 632 859 817 143 70 923 992 310 99 540 546 238 266 247 815 603 359 0 620 372 383 172 422 897 840 648 675 680 68 314 66 608 178 621
92 999 873 970 575 909 273 602 212 878 128 808 303 966 631 869 203 540 734 151 692 154 910 902 553 714 960 227 310 746 852 237 206 535 0 444 286 472 345 83 926 196 705 432 191 989 652 846 556 784
414 786 431 604 271 390 79 130 199 354 213 238 257 236 616 748 964 325 172 342 907 649 858 618 475 328 396 194 825 55 575 694 593 503 719 0 750 318 478 360 429 216 583 514 813 334 264 463 180 533
64 710 990 848 179 855 646 858 570 824 208 330 786 750 225 81 749 933 755 834 371 533 692 374 646 785 641 588 59 75 390 346 798 536 521 564 0 471 988 534 774 940 131 264 341 966 178 137 880 620
349 428 899 896 743 995 144 346 121 699 595 848 204 217 503 511 693 941 541 169 853 170 169 912 874 396 327 506 192 76 209 137 543 243 492 186 931 0 423 575 912 637 778 491 530 734 674 353 95 662
613 727 626 690 303 61 817 241 546 655 594 247 468 913 133 248 248 957 933 130 583 592 592 487 818 537 630 790 693 816 896 564 904 242 134 441 799 662 0 666 342 287 120 87 633 279 406 869 988 741
157 643 379 86 608 920 425 700 964 851 739 726 670 189 785 401 240 862 854 745 803 215 909 62 880 654 895 606 332 821 342 566 673 453 483 639 352 234 317 0 517 108 373 627 446 197 388 172 58 272
512 621 691 586 634 937 786 71 407 833 902 150 478 471 337 334 788 697 614 880 802 725 540 114 593 844 958 571 827 574 859 946 956 147 254 459 775 822 702 92 0 486 640 187 862 67 956 177 136 253
644 788 540 69 590 523 311 916 130 940 205 854 946 235 607 380 226 133 943 768 175 970 432 673 993 81 627 141 116 328 649 658 219 447 186 604 227 741 578 460 80 0 58 276 882 962 416 854 929 223
192 357 283 144 172 481 116 834 496 561 205 780 161 505 267 579 981 924 545 689 272 473 231 472 269 223 967 554 106 382 428 765 846 152 77 434 121 793 265 756 561 743 0 546 202 776 789 706 276 863
151 191 975 529 826 540 599 147 494 866 543 719 605 651 423 614 993 538 778 892 682 658 361 579 926 362 374 177 371 229 919 912 663 207 634 171 727 711 425 979 624 739 742 0 813 790 265 821 187 659
436 517 703 750 222 531 446 330 290 290 535 913 181 339 263 510 628 651 598 458 966 62 213 998 210 924 209 709 401 471 311 873 490 638 898 840 514 268 790 202 738 982 150 779 0 906 401 752 314 505
356 709 861 416 51 367 61 674 138 254 141 750 154 384 442 529 972 883 789 446 394 128 738 866 99 538 130 977 640 851 850 372 964 309 862 775 554 191 720 453 522 186 609 450 417 0 419 65 97 361
369 561 60 682 287 443 471 931 794 55 64 548 642 125 789 415 190 70 161 266 935 484 88 312 358 133 269 912 90 359 497 216 459 455 539 158 294 728 250 722 679 835 869 330 753 611 0 856 358 576
165 961 100 897 551 153 934 121 457 455 507 424 339 136 132 926 58 218 81 149 927 761 59 589 122 825 799 136 435 858 368 869 909 988 709 877 877 820 528 105 143 142 468 410 850 869 157 0 750 422
333 917 382 477 473 108 995 748 219 976 309 469 85 351 756 423 877 277 846 572 239 572 793 636 740 634 958 275 260 792 160 198 389 660 664 402 52 246 609 857 131 839 929 192 81 250 698 381 0 313
415 818 119 884 460 519 491 997 236 902 379 572 329 661 811 713 500 56 308 522 998 124 118 217 847 643 220 545 443 615 170 770 253 958 471 670 664 509 55 714 783 979 686 798 936 740 991 970 743 0

Prize Vector:
99 74 66 32 93 23 29 86 74 7 32 11 40 85 7 60 65 41 40 63 20 40 35 29 86 54 54 2 60 72 19 80 9 73 63 5 45 65 37 41 78 24 4 81 75 78 95 95 34 41
Penalty Vector:
312 292 352 67 116 174 292 155 720 55 193 93 6 234 475 547 491 34 600 267 31 246 540 545 382 554 340 629 467 743 173 500 326 434 583 681 516 244 275 706 151 474 723 505 27 400 211 267 266 359
