Cost Matrix:
0 733 178 99 981 358 340 819 249 463 488 581 692 599 829 361 925 915 601 650 478 206 862 616 267 149 960 229 488 512 829 614 670 741 65 891 81 340 259 697 883 680 542 302 249 812 638 748 454 323 329 338 276 769 315 57 879 502 222 814 454 541 603 723 68 957 189 558 335 476 187 329 101 579 376 371 394 347 100 382 345 642 59 222 401 415 835 966 966 549 663 837 696 322 253 325 398 423 868 669
309 0 757 476 122 497 753 329 441 880 551 327 852 695 667 132 395 135 173 360 520 718 763 827 953 60 954 666 500 986 756 621 248 156 932 939 325 754 661 595 55 835 347 169 100 124 607 920 826 221 327 952 885 770 55 790 402 164 733 817 480 828 195 242 387 348 388 469 89 296 786 525 212 551 85 543 328 616 397 934 903 784 141 379 204 384 419 784 858 750 275 67 560 940 895 297 875 806 906 528
578 207 0 442 965 315 353 754 52 564 229 401 195 800 985 988 422 504 213 625 258 172 97 457 901 350 636 593 178 233 282 941 331 237 858 104 607 761 944 742 542 144 296 245 568 165 603 280 77 900 612 767 107 878 401 270 829 123 549 80 787 342 602 996 698 291 490 492 97 905 137 132 813 688 791 437 236 332 344 278 106 421 557 194 385 499 748 976 438 627 195 788 278 111 659 949 779 569 190 561
969 294 697 0 341 275 142 698 647 161 386 264 223 309 945 899 233 842 568 308 430 883 786 135 412 767 651 682 695 808 373 442 132 269 788 841 601 731 412 361 455 551 201 706 622 859 927 436 697 332 988 630 218 476 305 365 939 714 647 893 607 252 86 734 456 887 494 934 195 479 244 448 789 662 266 371 722 960 272 610 886 191 628 920 127 274 905 272 404 966 851 254 499 145 411 91 622 537 118 436
138 455 250 576 0 902 740 914 541 606 798 864 396 564 565 868 699 574 992 303 833 327 479 284 111 479 979 909 766 617 255 845 678 783 733 834 847 162 297 999 380 601 135 453 232 156 674 1000 739 311 556 889 463 216 877 516 767 695 252 553 800 895 113 291 596 627 156 255 496 512 326 450 388 766 162 542 88 61 128 50 695 654 696 250 722 387 110 817 297 568 481 318 75 792 107 924 263 783 729 161
778 504 998 290 466 0 538 571 200 142 116 176 442 938 948 525 705 54 954 359 794 365 278 205 239 261 766 417 357 437 306 830 86 57 716 210 943 902 628 66 225 934 717 207 54 130 393 103 896 139 790 344 993 397 840 253 710 73 173 271 504 64 651 715 109 83 957 240 830 914 484 325 718 441 300 316 467 812 735 886 701 312 779 505 673 643 181 712 719 140 791 351 359 855 398 722 181 845 178 116
149 250 78 411 962 889 0 751 70 97 237 313 794 705 195 618 472 205 512 105 253 133 109 755 211 140 628 498 651 90 473 809 624 707 688 66 550 126 938 282 516 786 552 368 625 906 833 898 767 733 673 835 905 445 261 210 693 471 169 255 907 749 159 894 848 884 395 835 621 264 572 997 451 283 100 339 920 388 393 722 427 989 902 650 776 656 700 675 501 67 963 461 552 462 109 678 477 499 283 936
390 301 973 945 658 537 588 0 926 170 633 616 540 865 645 693 549 967 647 461 297 284 50 576 386 945 957 954 383 746 240 400 683 73 797 964 221 63 798 980 774 892 95 220 405 377 428 59 714 247 822 925 312 947 577 240 511 713 216 965 157 795 304 980 910 346 678 296 633 285 966 133 377 179 502 482 510 867 367 341 707 624 720 816 198 745 764 374 702 607 454 733 534 940 408 985 985 633 733 971
739 788 515 204 756 501 954 146 0 950 548 94 827 489 371 181 906 881 630 332 943 186 644 344 222 52 913 843 106 468 773 412 87 105 629 359 507 693 867 395 59 448 258 429 133 760 432 759 70 430 848 194 777 858 401 802 903 548 392 197 160 56 355 664 526 416 811 307 326 361 269 829 377 1000 453 102 335 176 361 823 358 99 179 786 950 526 210 659 980 366 362 221 785 208 399 778 248 151 428 822
363 853 79 642 463 759 222 754 480 0 212 858 963 205 229 559 464 875 627 875 759 443 420 813 86 638 298 251 222 343 577 794 429 880 263 171 536 365 900 231 987 339 202 309 923 873 153 995 801 427 301 430 782 842 427 127 465 304 263 740 685 837 605 459 736 875 813 926 922 757 974 845 870 909 566 477 508 141 708 303 265 484 914 102 499 252 701 871 194 210 357 783 78 113 779 390 946 726 736 451
58 906 616 151 52 915 166 547 955 806 0 769 221 906 942 946 147 986 185 185 183 179 614 901 379 473 975 765 970 564 565 106 124 515 771 995 1000 428 132 65 804 577 818 302 770 554 662 572 248 257 809 524 217 825 118 847 403 553 335 749 541 84 421 560 238 557 402 430 939 804 327 219 621 913 467 280 833 685 203 370 496 500 998 636 255 302 374 640 158 743 930 435 907 892 265 665 292 274 811 444
943 804 858 660 331 916 391 798 848 994 268 0 291 273 814 200 250 113 181 688 145 84 856 772 388 457 607 421 229 174 485 331 91 592 614 218 96 760 243 857 198 471 116 779 626 330 702 119 485 234 762 690 447 492 541 726 268 957 989 647 566 247 993 130 52 288 555 520 836 592 585 364 555 116 83 944 838 534 426 67 136 122 500 559 387 158 72 990 386 378 454 975 210 612 218 647 622 746 276 61
304 159 543 452 354 407 696 889 167 457 801 858 0 865 823 889 675 303 72 986 233 435 829 828 595 748 336 973 560 261 101 264 79 553 135 691 332 644 367 612 990 99 610 822 226 761 211 128 432 910 853 710 358 941 524 685 847 411 288 374 125 477 157 86 187 279 727 924 758 795 354 322 576 169 538 304 935 185 587 637 717 937 140 248 959 916 901 430 214 88 460 449 499 757 307 428 456 542 151 177
388 790 482 544 195 485 834 927 622 179 549 667 186 0 263 429 225 95 343 191 275 330 839 313 610 662 310 919 448 273 652 190 91 312 547 74 988 578 866 362 307 483 748 129 914 786 446 986 604 109 61 903 559 628 411 434 201 879 242 537 489 398 370 698 908 267 259 692 885 969 781 58 442 250 313 77 906 142 244 970 862 402 866 423 567 536 771 327 467 123 943 232 555 258 364 809 872 973 806 324
377 593 788 101 204 669 593 149 256 324 989 577 768 294 0 274 931 954 436 58 792 893 683 424 506 400 612 751 76 770 990 724 884 76 70 369 778 142 972 994 619 911 154 77 902 723 967 844 389 338 163 189 850 311 176 952 683 831 584 873 637 759 291 924 698 809 759 335 613 477 298 813 831 426 393 444 264 397 909 83 916 669 468 750 143 113 817 754 123 520 56 728 501 740 88 438 720 351 147 999
863 254 733 249 255 966 345 382 519 401 918 386 72 559 95 0 976 885 474 497 725 429 209 69 667 957 950 164 848 774 731 478 722 174 618 760 291 911 693 929 841 874 161 832 581 542 400 127 222 772 722 868 126 263 474 242 359 627 415 431 635 597 158 838 699 225 365 355 158 794 545 840 127 705 609 790 388 199 270 117 677 432 350 771 915 773 660 355 62 318 893 136 331 518 905 390 574 950 207 427
603 527 631 142 238 900 421 494 450 115 706 875 64 176 66 124 0 729 908 457 883 957 439 779 439 487 415 930 478 647 905 935 350 307 231 518 350 896 454 543 162 870 153 741 925 654 183 439 629 225 570 864 587 771 957 918 709 817 963 133 613 773 617 425 242 179 783 119 949 568 513 235 328 957 163 676 984 741 735 831 325 987 505 569 153 891 263 767 574 587 768 251 621 900 299 806 970 181 832 184
587 463 59 413 573 754 307 155 701 919 989 122 308 53 120 819 439 0 131 468 547 805 90 827 521 959 358 542 661 540 760 758 162 121 228 709 518 994 82 421 435 54 767 462 436 446 390 368 795 478 829 521 324 508 228 293 455 362 825 94 701 567 299 92 420 168 411 601 373 352 188 163 741 600 84 225 868 168 198 632 686 194 606 138 911 211 689 260 216 623 110 706 249 876 196 418 409 547 527 606
156 218 685 348 94 342 846 266 453 913 100 874 514 725 686 667 562 51 0 71 589 714 190 311 844 753 434 235 352 695 549 605 552 104 451 888 174 272 357 724 63 488 114 873 466 422 646 650 444 498 108 671 458 156 187 155 233 930 221 227 503 928 550 136 569 213 201 345 294 401 554 766 836 536 425 805 292 284 950 789 616 87 617 109 589 119 992 765 481 139 805 528 589 604 155 875 310 496 371 138
267 533 478 233 61 658 427 712 657 779 419 993 851 299 896 897 639 992 352 0 604 951 548 743 344 122 228 134 671 544 864 695 293 769 412 941 411 568 607 582 358 557 505 650 393 845 943 830 262 201 162 127 376 436 96 534 286 596 463 713 268 815 715 77 642 470 147 156 708 256 328 52 70 152 96 314 575 787 728 104 816 627 732 190 338 865 754 682 345 412 169 200 804 556 128 778 205 640 535 538
797 604 590 615 397 543 314 167 180 757 128 465 706 828 202 260 459 994 377 538 0 907 685 197 578 299 634 166 829 585 863 942 796 100 667 380 619 623 82 898 322 517 518 955 213 480 635 241 774 211 60 65 554 822 573 459 215 884 760 574 842 199 261 979 261 814 751 296 903 411 503 56 948 939 542 922 479 861 547 621 449 925 75 327 662 138 146 323 932 218 636 786 428 899 944 999 774 521 676 603
724 680 905 353 505 478 611 768 712 196 385 506 502 626 794 453 470 152 623 162 434 0 863 619 734 565 233 62 105 343 664 353 205 844 397 260 265 700 961 828 965 700 74 105 969 165 317 102 868 444 648 336 776 132 677 462 848 619 934 986 82 773 248 592 533 705 388 396 252 239 792 650 372 842 794 897 213 271 277 684 230 242 894 127 605 176 318 435 106 420 875 641 441 486 937 605 451 822 762 714
272 364 375 160 796 914 535 414 110 314 620 117 959 771 858 442 359 358 622 972 77 912 0 601 264 451 664 681 246 217 682 905 299 416 69 461 796 129 648 582 318 866 430 498 57 473 518 687 894 249 406 248 530 842 886 512 134 152 307 951 472 495 387 806 882 321 640 170 809 968 523 335 764 999 298 213 889 845 96 806 605 265 371 594 968 207 345 212 562 349 953 474 541 605 50 573 715 869 807 918
470 710 72 862 289 997 435 139 345 175 609 524 635 950 989 959 444 590 455 955 307 906 927 0 378 430 671 529 302 84 597 760 870 88 418 312 336 251 664 380 913 358 419 616 498 431 623 533 575 741 988 268 627 708 862 776 804 418 909 160 654 382 631 731 614 487 254 689 453 627 58 400 543 241 481 931 912 703 712 436 313 208 537 625 186 100 831 715 526 731 594 722 239 988 842 635 900 764 218 764
610 644 481 290 318 644 59 298 368 704 415 535 969 114 776 532 776 439 653 342 408 914 673 65 0 246 557 83 874 272 507 272 251 408 745 724 261 501 311 157 758 940 261 193 940 72 270 291 260 550 334 419 163 465 299 922 125 424 439 216 822 521 64 226 309 103 825 106 521 575 520 633 650 789 335 641 410 933 163 809 810 790 601 815 639 585 479 159 696 126 805 592 611 445 784 62 434 718 325 581
365 712 583 133 730 331 200 494 241 757 819 439 527 152 669 939 477 128 147 630 638 445 538 728 141 0 364 453 939 629 288 825 300 902 207 986 833 344 605 754 548 600 394 112 67 887 385 247 109 306 219 340 742 276 371 859 784 365 174 413 482 933 716 958 591 670 274 753 988 534 80 825 752 398 972 684 945 181 231 766 911 885 236 193 655 898 165 147 303 875 561 938 452 471 984 794 543 171 299 710
132 285 591 878 485 177 438 154 251 71 410 710 796 620 436 500 676 61 186 232 525 560 837 980 723 620 0 648 689 258 124 309 927 168 468 366 447 460 77 219 949 218 896 921 863 519 234 392 195 960 628 640 360 466 840 764 296 81 979 931 753 171 292 776 191 700 296 595 256 966 103 341 301 459 86 681 190 84 526 589 649 513 405 754 613 144 187 954 805 155 425 798 914 618 592 802 911 412 254 302
487 726 885 235 625 150 148 919 634 92 638 447 934 649 744 963 847 381 287 573 73 976 974 80 299 488 460 0 678 889 782 52 739 407 608 829 91 90 936 282 712 634 274 442 389 270 430 93 314 64 476 482 220 710 600 489 397 547 656 380 430 371 695 720 999 248 188 864 538 956 566 437 664 908 118 159 730 521 166 120 228 502 558 291 582 155 616 882 599 904 127 446 875 370 317 448 764 741 439 357
174 125 229 697 123 89 971 552 70 771 647 969 690 490 342 238 151 176 666 464 412 897 996 571 683 788 463 675 0 488 55 104 304 758 604 695 674 372 409 463 122 890 963 196 355 102 548 163 367 966 627 243 924 804 609 264 426 442 185 602 287 650 531 933 521 145 796 937 604 638 950 589 928 365 74 344 333 788 661 660 937 539 796 138 663 810 210 522 68 696 552 525 263 227 525 446 639 422 323 586
535 613 660 900 115 935 545 536 621 561 714 901 346 173 333 674 550 955 925 687 327 513 332 470 90 914 510 254 750 0 522 130 427 983 828 987 435 315 787 951 174 280 510 990 218 521 737 601 171 226 54 337 883 762 114 691 431 986 495 340 318 299 372 258 248 724 101 510 809 902 461 67 148 280 50 813 489 997 104 664 386 810 811 402 376 345 955 864 588 867 96 141 555 533 783 470 464 782 159 117
199 567 514 353 73 998 323 630 890 680 492 811 430 714 969 91 217 598 559 231 962 456 740 786 659 241 172 706 210 467 0 276 329 367 287 563 781 451 110 416 831 264 84 761 445 198 195 946 620 250 345 326 226 344 167 520 450 359 636 800 488 86 400 728 993 76 721 896 575 594 65 750 718 467 397 90 386 558 425 902 617 754 299 489 169 810 886 492 791 75 379 665 945 455 587 605 700 979 491 552
487 755 383 69 203 412 301 540 425 848 925 200 341 462 258 137 337 572 549 229 496 343 890 587 946 729 119 92 523 296 314 0 709 826 286 660 957 354 592 934 743 790 844 322 101 703 122 482 194 931 936 264 986 470 861 254 560 696 100 559 287 249 686 747 682 883 993 90 871 451 971 310 100 771 199 355 254 275 178 415 139 230 706 389 298 878 818 873 781 775 890 623 185 810 789 360 921 282 660 430
661 297 648 81 342 982 508 614 489 311 581 658 529 585 135 327 896 700 79 267 931 588 482 765 412 77 896 661 707 345 71 861 0 905 847 172 290 965 128 616 172 956 204 598 623 587 679 387 65 433 655 434 415 325 825 887 494 365 974 407 572 835 553 140 189 133 761 849 259 645 176 170 71 526 244 715 325 835 549 768 623 701 413 839 271 469 119 943 370 736 887 58 403 796 241 77 675 894 583 701
541 269 68 602 904 770 958 390 637 64 959 522 296 332 651 414 616 233 336 385 735 198 838 455 76 182 466 660 80 372 299 748 642 0 408 766 503 765 562 734 334 127 185 321 766 897 409 299 583 325 520 875 224 350 671 239 447 229 266 462 289 314 66 84 969 692 215 941 410 650 978 287 298 473 421 315 312 948 934 532 909 994 763 99 770 118 904 893 926 964 577 322 939 572 929 891 715 560 276 92
120 337 662 742 727 777 263 683 799 301 125 753 572 826 848 833 266 484 370 755 204 608 751 586 258 773 586 269 428 643 689 743 800 194 0 332 365 976 840 388 782 947 144 735 854 634 602 821 95 813 119 399 580 370 519 822 911 390 558 658 546 610 65 226 782 595 466 850 966 173 888 639 732 437 929 403 485 293 926 82 431 457 410 454 224 176 418 301 942 650 574 817 624 243 867 609 556 244 646 555
417 265 269 858 270 968 99 297 595 978 986 349 188 862 73 79 851 257 299 432 735 643 637 766 984 742 903 802 756 365 979 284 627 808 670 0 479 170 944 147 701 52 929 219 150 350 251 807 998 874 638 348 186 487 326 678 191 450 623 528 638 352 720 94 436 725 563 480 208 953 530 297 634 521 792 761 376 741 865 123 533 958 487 499 566 605 993 780 692 760 655 750 809 67 129 823 744 72 815 587
374 360 882 325 243 699 279 580 303 366 273 598 947 500 254 206 602 665 220 371 234 202 159 337 977 765 451 213 632 377 839 672 710 672 595 583 0 796 164 397 988 483 124 859 909 437 370 248 713 576 726 549 311 243 407 992 595 542 639 880 285 245 374 291 498 462 719 789 214 454 240 689 733 759 999 840 862 420 188 675 134 557 454 357 333 191 423 410 313 696 300 491 87 889 496 399 571 934 928 553
935 745 574 421 364 523 568 69 906 222 451 659 748 870 160 600 961 783 294 808 524 552 442 409 487 165 1000 107 719 694 870 379 170 937 54 672 449 0 375 760 582 263 427 515 51 516 120 351 859 72 452 642 754 115 449 131 660 294 400 487 549 914 92 781 570 794 89 589 892 802 815 801 720 808 103 900 535 519 823 418 582 515 642 494 323 184 623 417 108 750 845 905 703 240 339 815 858 265 86 562
920 444 603 716 974 596 769 689 728 92 690 758 722 138 871 312 574 140 974 587 79 231 920 74 706 779 764 743 586 200 533 907 845 548 673 178 624 480 0 788 621 333 308 672 628 513 785 919 640 619 161 381 80 56 68 344 862 77 515 448 319 644 450 857 718 422 143 970 827 177 715 381 122 633 778 864 102 203 53 595 604 779 342 864 151 747 955 164 968 386 628 919 810 910 949 317 874 286 65 539
376 90 320 612 240 902 703 336 453 528 762 209 265 740 68 85 216 809 990 586 279 487 534 410 158 187 517 941 923 790 504 524 804 218 519 153 764 740 138 0 917 792 540 819 907 560 230 144 328 54 256 233 162 385 429 600 360 134 490 838 970 423 912 980 516 715 889 109 573 509 107 996 983 500 536 108 607 612 947 988 695 70 958 589 688 811 129 986 738 433 460 63 266 497 545 114 897 422 172 621
939 939 912 677 323 598 478 807 588 336 158 523 448 117 991 936 51 80 318 670 361 106 237 457 710 453 901 698 184 486 422 101 372 935 112 433 751 527 576 398 0 294 785 779 498 217 764 896 391 575 262 466 494 421 893 166 663 961 704 774 895 662 105 467 415 272 973 550 730 662 433 361 380 332 748 260 252 420 779 380 153 407 176 748 307 483 839 815 292 317 311 565 576 822 192 686 455 222 174 183
394 58 342 704 383 464 856 864 444 106 462 409 147 197 653 872 490 762 734 727 369 426 680 713 504 910 814 807 636 388 712 326 735 746 460 591 858 51 243 827 592 0 453 805 78 820 614 595 673 868 75 393 848 113 402 224 517 367 392 483 346 508 502 484 493 312 725 670 427 990 502 826 797 381 423 859 317 854 608 984 397 191 78 847 843 899 438 377 148 911 640 430 825 324 996 330 566 1000 204 554
121 835 302 476 730 416 298 367 993 178 820 383 942 309 746 798 895 415 268 300 256 241 381 66 340 238 195 983 501 583 161 167 340 448 726 80 820 138 719 789 689 298 0 319 370 182 130 314 133 619 421 578 716 800 280 651 225 78 796 308 932 789 856 665 969 604 531 51 999 985 774 889 456 571 753 66 953 705 348 948 812 119 737 102 1000 442 446 162 242 101 958 330 743 665 337 452 307 824 609 861
212 717 839 996 295 931 809 615 424 750 604 574 208 188 158 685 847 886 351 223 502 877 563 839 142 928 260 705 307 385 978 123 176 707 882 530 204 718 742 287 573 548 418 0 768 982 732 125 258 183 194 103 846 752 531 791 454 742 553 163 827 160 943 444 841 382 495 848 724 335 174 363 929 579 725 465 533 448 697 506 102 617 583 679 388 404 749 540 687 194 655 344 289 998 644 774 521 684 337 304
742 543 297 414 914 105 128 315 321 568 201 113 648 263 727 270 184 618 187 105 888 639 363 487 521 921 663 534 818 452 618 415 982 433 288 754 821 618 348 274 236 648 334 487 0 972 457 688 696 465 186 381 904 730 292 760 327 541 890 650 133 196 224 528 280 506 213 248 324 597 172 709 529 364 129 265 927 256 422 189 102 500 399 655 727 494 925 725 795 184 507 976 732 283 333 964 427 283 154 731
540 530 534 354 649 123 121 661 591 902 251 521 289 254 487 497 629 925 285 596 332 770 105 715 541 664 978 709 426 742 403 587 69 841 480 527 208 99 685 217 507 73 725 325 263 0 763 996 734 838 724 893 789 624 1000 804 856 182 279 654 218 231 434 222 620 681 278 573 956 641 659 485 241 527 848 472 402 863 972 735 300 399 338 799 335 223 97 240 377 988 179 159 247 988 748 251 951 502 107 390
274 994 120 731 753 427 202 859 593 780 343 318 993 763 750 710 771 348 284 260 890 102 389 457 196 958 458 289 105 970 349 757 862 538 693 255 704 499 586 833 97 224 770 609 886 291 0 972 974 478 799 111 938 826 434 698 732 258 586 408 783 324 297 498 263 162 647 551 288 929 936 945 353 662 802 502 508 568 149 365 96 330 904 802 809 920 375 415 571 274 500 799 123 851 626 683 185 335 239 857
348 114 341 512 309 539 525 600 74 966 262 378 182 295 829 501 135 59 959 665 575 537 268 127 533 993 319 478 471 442 958 771 122 478 876 836 108 814 860 993 879 111 690 168 859 617 470 0 266 445 432 961 996 212 826 787 856 406 902 199 856 921 715 320 420 843 317 633 323 587 802 893 748 516 612 795 184 550 470 94 822 590 678 191 493 891 982 866 90 766 517 433 935 955 698 187 953 144 179 982
500 952 642 338 983 687 783 822 310 309 584 727 592 629 331 635 520 600 728 669 440 761 60 235 558 822 598 640 609 243 661 125 902 374 576 637 165 889 58 739 918 305 547 844 380 583 371 904 0 594 294 482 971 909 618 766 420 347 772 431 288 780 124 108 527 829 917 1000 730 524 467 919 252 332 862 998 315 310 788 291 195 92 198 276 441 713 862 257 825 666 722 98 814 566 195 461 456 909 409 959
453 441 991 360 717 571 837 778 648 203 799 850 618 83 117 594 843 848 716 333 849 494 625 363 445 754 183 640 827 683 529 520 443 884 652 299 499 148 223 755 828 372 930 524 910 853 742 449 435 0 118 372 431 896 86 865 952 683 867 303 789 879 744 258 514 559 971 272 482 581 140 298 795 822 594 990 575 848 987 70 498 554 351 165 240 812 940 115 304 319 232 945 353 106 190 550 642 361 612 563
819 950 887 656 895 99 705 691 77 148 778 929 619 465 893 631 351 809 673 878 569 605 379 690 636 846 429 512 148 630 511 672 562 328 392 459 833 588 954 940 583 977 520 382 303 509 355 679 299 419 0 748 411 872 70 841 994 266 250 375 928 158 296 828 720 148 196 768 716 948 733 802 506 562 403 268 851 591 306 954 418 52 339 569 830 651 254 584 175 628 365 789 939 806 636 433 277 677 219 912
82 604 545 682 554 447 166 249 655 238 262 597 105 212 935 718 472 78 219 353 739 155 621 182 755 277 91 216 564 233 157 593 299 837 124 572 86 212 551 928 213 312 231 260 450 246 982 193 219 581 645 0 797 329 608 198 179 277 147 835 651 358 446 996 624 246 806 480 384 458 780 450 371 915 112 604 428 655 803 834 311 510 440 236 373 433 626 670 837 309 835 81 326 53 414 541 709 345 102 361
888 391 754 154 213 89 84 959 891 191 1000 748 360 669 101 158 152 210 734 612 776 406 832 918 567 771 815 422 420 132 488 109 447 833 595 255 571 379 452 631 672 683 755 742 978 891 392 560 564 177 549 586 0 229 932 633 412 894 510 111 420 612 188 385 916 425 551 783 600 280 815 648 652 322 504 72 740 534 909 138 111 114 227 613 451 346 67 530 367 501 362 168 93 244 983 266 815 551 745 964
910 101 407 519 879 852 637 832 734 905 390 173 986 75 452 66 637 744 905 259 288 735 807 81 111 186 417 336 649 170 342 947 361 138 715 718 144 258 814 371 289 653 975 554 321 457 333 297 752 133 170 234 564 0 925 329 328 359 959 215 963 608 794 526 999 913 334 550 641 606 202 507 426 970 932 908 889 836 791 675 523 538 243 189 899 942 449 140 468 295 807 121 291 56 566 648 623 326 156 531
812 895 215 953 431 269 700 163 930 124 412 556 942 661 694 909 193 802 652 824 70 870 460 516 777 677 351 959 172 558 466 704 313 793 402 381 227 178 54 368 107 162 982 771 331 446 827 78 393 621 350 413 231 359 0 580 156 547 867 926 566 713 842 368 365 377 231 348 555 993 321 270 243 293 794 605 411 645 202 630 66 371 923 487 141 75 173 772 232 874 912 665 82 171 381 554 469 530 56 87
784 688 553 574 59 689 153 305 183 796 906 872 962 331 732 299 856 127 150 702 98 258 65 350 736 236 490 500 784 186 393 81 795 713 816 232 521 856 904 268 180 239 460 775 945 110 827 252 60 809 957 489 953 835 603 0 732 286 921 585 578 363 133 60 634 911 527 776 827 644 883 973 971 313 135 162 260 256 288 476 56 71 120 79 677 585 404 910 659 736 984 479 994 668 231 372 259 703 353 334
97 552 491 235 486 691 182 746 776 760 389 581 404 660 449 859 745 725 506 578 897 157 904 255 73 915 650 127 111 716 728 714 381 287 411 90 811 150 512 544 126 512 189 88 134 303 976 89 867 274 484 717 353 840 123 371 0 518 785 281 466 216 913 67 964 179 981 958 343 379 291 696 762 290 738 268 702 797 285 189 471 703 245 309 102 63 911 720 581 58 115 405 112 77 976 263 884 996 737 184
313 387 986 196 209 215 271 96 205 973 987 655 103 397 817 243 347 783 289 540 538 928 908 767 764 825 784 495 855 92 695 680 607 769 103 202 641 255 219 836 331 193 557 838 143 450 571 1000 744 394 712 646 972 875 293 990 686 0 171 950 263 93 396 526 576 126 233 274 768 290 629 157 996 252 337 772 663 136 820 415 542 902 572 416 658 258 149 788 209 607 895 770 287 400 555 294 220 289 263 691
109 861 188 311 105 502 688 197 603 58 182 705 405 880 322 670 302 661 622 817 90 697 196 50 462 622 508 258 976 84 773 817 888 173 839 842 308 385 178 845 759 781 764 700 273 493 93 838 57 237 705 559 82 334 963 533 268 338 0 72 995 611 443 434 369 507 56 161 796 463 871 598 452 324 340 409 958 424 304 908 851 275 551 150 679 688 554 620 397 458 162 221 440 272 174 818 214 124 773 579
854 750 53 905 127 229 345 138 693 447 164 867 871 902 505 501 181 600 419 777 77 280 679 414 600 301 236 909 254 998 810 888 675 467 102 440 607 984 159 937 187 664 999 237 362 849 635 599 427 636 706 957 515 987 499 442 787 191 498 0 819 300 894 275 546 70 816 180 211 958 237 517 352 243 831 576 171 99 204 639 539 283 509 135 562 218 391 355 962 807 416 272 843 656 422 447 954 234 993 939
478 62 379 250 484 773 486 144 750 540 759 774 570 840 964 339 234 787 867 509 219 623 555 951 760 760 233 144 66 528 213 620 434 447 101 814 371 58 821 348 673 188 366 477 201 730 629 652 75 323 441 379 830 234 671 997 583 549 790 390 0 632 217 976 770 522 767 872 205 181 818 111 422 144 509 994 797 475 65 870 901 189 194 275 996 421 254 577 698 247 339 590 402 550 638 118 656 732 728 292
129 526 840 288 332 86 867 904 637 160 72 810 324 753 142 793 942 337 368 78 725 534 717 355 616 828 879 873 896 249 348 647 274 64 519 414 229 494 755 460 968 324 122 286 799 535 940 262 657 777 720 371 825 504 863 547 815 65 248 651 378 0 904 253 896 757 463 845 391 66 708 795 99 772 493 579 213 370 517 701 153 99 256 961 283 446 441 516 163 233 491 832 444 476 912 718 424 493 281 786
340 809 923 355 551 378 858 264 116 78 302 774 441 216 213 301 382 384 959 218 390 814 784 699 371 567 140 971 569 812 736 700 430 667 443 244 100 401 419 67 772 273 924 475 394 592 118 657 909 197 74 454 267 552 911 222 260 182 995 905 137 763 0 437 784 145 168 464 741 315 107 250 682 850 897 87 688 246 69 581 570 836 521 946 671 688 821 875 70 689 863 714 705 610 288 137 659 462 525 78
873 865 193 474 358 662 509 605 307 977 129 884 748 280 439 277 932 592 283 200 198 712 432 313 57 985 546 649 720 269 221 354 740 446 287 87 265 623 78 254 193 355 974 515 423 545 65 254 175 367 421 596 516 276 952 407 814 441 918 405 434 394 583 0 604 113 807 269 519 897 648 233 197 57 319 778 600 737 916 325 57 947 981 450 67 302 853 194 205 894 439 904 155 332 652 400 350 587 858 720
248 273 470 210 723 604 117 120 372 670 998 70 772 246 899 826 745 569 648 761 549 143 333 347 705 462 883 232 574 241 646 379 643 936 506 446 330 399 393 90 220 510 86 762 861 988 522 444 868 451 750 303 803 496 146 665 857 70 801 242 142 758 975 982 0 703 623 334 925 405 67 614 594 741 315 172 315 773 902 777 916 517 828 910 406 578 54 643 424 465 901 579 533 260 80 335 418 933 148 567
317 82 497 93 994 541 883 101 438 95 101 664 453 787 822 447 986 237 748 174 833 179 794 965 948 522 338 554 471 909 544 94 178 925 864 995 560 764 479 591 614 847 791 863 379 562 618 724 160 365 823 896 770 321 50 928 899 322 269 720 647 561 728 158 898 0 223 604 396 220 907 705 532 373 52 436 629 529 978 102 384 251 816 262 812 876 981 984 550 563 794 368 76 396 536 179 871 588 88 939
326 944 907 950 118 722 255 916 832 943 635 968 217 673 86 434 292 82 753 252 813 696 145 870 697 395 677 265 973 269 438 100 789 377 922 150 710 322 598 374 359 336 694 968 799 316 207 273 310 731 151 64 113 644 635 563 666 582 844 337 542 482 696 349 409 404 0 332 151 486 676 120 142 338 414 282 824 310 740 273 460 349 794 258 885 712 94 83 341 660 800 362 579 360 298 245 227 907 114 222
864 539 244 660 758 853 531 62 252 318 660 545 106 366 709 788 160 615 179 470 221 648 605 966 357 169 502 253 711 981 470 884 267 193 998 122 930 746 676 502 250 476 712 540 466 381 734 943 265 55 581 940 876 611 128 966 556 190 748 914 638 280 253 127 907 957 532 0 572 821 245 709 292 143 87 137 874 607 767 494 711 642 164 129 999 269 166 962 145 981 916 458 735 91 407 686 474 632 370 557
682 648 874 631 922 457 829 648 138 631 338 104 339 918 107 936 953 642 934 726 384 526 864 733 546 901 645 434 610 568 577 475 163 108 381 538 725 274 166 998 78 723 982 53 502 176 255 137 450 81 142 535 104 834 645 699 149 321 424 765 814 246 865 453 526 747 676 369 0 307 345 314 649 534 166 295 540 290 720 778 503 781 274 646 106 540 855 895 968 129 594 194 582 508 524 159 812 869 811 608
601 167 540 328 350 540 218 411 69 712 358 735 500 847 371 347 351 56 143 328 664 528 858 455 81 65 360 705 192 940 928 978 468 126 157 983 875 718 423 584 213 504 572 327 906 660 898 650 250 320 215 616 727 208 820 593 500 605 601 512 570 549 602 310 61 60 371 467 335 0 563 439 565 433 603 120 208 358 543 576 74 736 792 538 705 588 188 255 429 807 993 652 917 243 542 377 652 999 586 895
371 835 534 924 946 344 923 536 967 255 314 305 259 502 955 104 671 753 191 408 847 208 794 361 159 247 190 196 389 835 607 191 708 978 298 202 267 278 822 82 930 283 836 567 918 648 377 615 824 533 231 289 380 534 127 598 660 643 771 727 781 865 964 952 455 682 694 796 67 730 0 828 285 93 109 357 996 343 347 742 125 416 429 810 999 530 348 904 504 93 463 421 690 203 206 504 488 179 358 869
303 918 333 79 417 425 967 708 638 240 144 762 174 487 628 781 840 706 973 973 590 210 189 131 763 317 398 714 470 424 709 783 596 501 336 845 815 128 292 430 873 617 219 254 458 671 456 379 322 900 162 653 973 177 872 444 612 749 907 339 751 597 436 464 275 877 147 662 483 576 133 0 204 207 802 164 688 58 247 663 849 244 999 311 885 765 910 139 126 97 422 735 649 116 255 720 724 465 422 355
341 527 277 334 508 355 996 819 508 999 363 619 648 388 678 373 948 578 474 732 511 82 585 634 828 708 749 470 985 72 758 510 181 142 436 189 147 909 130 158 465 780 468 364 432 500 641 655 920 886 213 678 445 354 786 541 887 75 84 93 621 695 644 139 204 646 833 343 168 927 448 894 0 744 865 590 248 657 804 194 830 484 116 920 405 890 522 987 985 495 492 645 96 819 53 246 404 558 187 591
318 671 547 180 118 849 722 393 225 542 398 376 933 816 860 561 97 538 134 385 956 693 463 183 575 68 541 825 552 936 556 500 474 359 477 515 680 376 491 598 685 489 903 58 358 92 581 758 682 86 102 639 657 218 533 286 460 796 108 467 862 380 803 483 308 158 453 286 207 255 780 944 165 0 846 233 292 605 151 212 912 550 927 996 439 230 332 189 789 720 618 838 307 313 574 364 139 912 834 113
436 84 579 238 521 608 810 713 577 757 656 132 978 166 970 785 970 86 133 437 242 376 542 522 237 680 673 58 443 991 325 858 944 150 472 508 300 505 669 930 550 666 276 646 249 635 265 51 654 658 848 122 284 620 369 864 714 882 399 196 655 919 70 184 770 214 549 179 925 914 491 986 632 184 0 271 150 982 134 926 270 739 184 435 618 437 385 171 264 208 161 664 775 722 697 615 109 902 685 568
652 536 168 816 80 878 291 534 777 417 684 740 189 745 222 914 108 279 545 100 501 961 823 769 738 617 535 535 932 859 166 795 257 370 698 453 128 142 102 118 80 920 369 271 232 484 487 189 69 988 864 771 282 466 909 180 815 767 429 581 423 227 499 733 844 91 553 482 471 479 234 330 466 537 742 0 581 397 371 462 184 952 557 180 620 850 729 404 649 168 380 725 304 485 988 838 158 270 497 545
153 111 790 264 834 926 63 251 855 666 787 704 826 318 84 461 958 990 623 516 236 761 808 771 906 724 576 208 510 701 407 395 822 106 630 252 80 187 471 223 678 394 635 470 984 856 200 882 799 158 916 819 114 129 680 145 824 706 184 175 971 413 73 689 409 214 456 747 141 526 675 235 282 211 109 402 0 743 270 724 348 74 735 694 108 257 612 569 528 375 123 717 617 961 90 617 221 456 703 200
771 889 973 864 902 840 633 745 257 627 535 679 630 924 551 969 828 318 600 895 53 665 470 202 414 638 436 313 458 784 891 220 810 813 514 185 587 746 75 636 625 772 232 452 244 622 381 660 781 892 326 544 590 687 478 55 462 445 160 998 69 83 868 897 207 257 534 754 857 200 65 278 972 923 863 110 63 0 519 453 954 510 679 140 99 175 533 783 931 772 839 736 297 410 525 995 724 746 693 92
544 657 991 76 183 453 891 301 802 831 969 529 531 352 205 293 458 477 980 617 223 145 996 74 890 943 388 525 122 132 705 818 488 503 100 60 793 698 189 736 608 591 774 299 497 142 120 652 569 456 706 680 985 217 606 647 890 571 466 86 544 364 488 352 987 927 545 822 114 164 512 193 381 239 605 946 726 672 0 424 291 821 149 395 597 772 463 733 726 110 245 337 70 827 596 202 164 577 196 653
992 756 859 307 763 171 203 459 498 224 464 388 168 116 237 457 259 214 868 672 655 231 588 790 490 733 570 185 279 610 314 449 586 656 672 971 317 612 185 179 712 735 89 187 590 486 217 216 585 939 314 514 344 140 794 497 296 739 289 641 233 814 383 463 186 893 167 784 863 440 834 447 606 319 749 585 891 965 827 0 126 358 877 55 106 197 791 755 751 820 585 756 292 837 393 438 538 790 494 405
458 375 318 751 673 488 850 124 691 138 180 590 112 718 796 921 789 71 737 450 579 258 99 601 475 990 919 934 614 546 416 910 525 494 524 282 825 150 166 390 472 997 503 234 915 487 475 557 725 394 267 508 133 844 635 311 71 206 600 590 790 748 394 123 204 90 144 627 763 746 557 546 118 962 174 839 84 141 515 530 0 887 865 544 650 232 557 389 62 399 261 633 797 174 190 776 266 351 663 323
952 504 796 477 776 226 126 752 412 183 952 609 364 806 772 978 889 333 989 746 756 516 650 543 935 551 121 111 886 467 608 524 763 155 632 503 424 468 892 801 432 136 126 142 209 358 83 927 902 567 145 397 947 190 491 703 196 255 991 470 353 654 639 967 299 435 531 270 488 654 675 122 760 821 652 753 570 79 214 201 361 0 953 507 185 488 464 653 751 60 228 436 717 835 706 795 617 382 454 838
267 440 629 265 517 175 67 773 209 364 74 880 93 826 231 124 928 199 814 950 528 967 241 417 580 486 740 849 724 285 991 820 997 792 252 325 939 353 418 744 371 209 648 364 375 583 482 676 91 257 131 178 809 302 83 653 665 162 95 909 206 216 358 219 831 637 944 591 522 781 465 418 579 51 979 499 954 348 501 573 588 503 0 967 169 728 885 939 591 380 429 303 483 696 126 88 364 320 467 792
411 585 568 606 860 226 212 192 410 454 829 265 184 881 334 748 271 382 77 945 431 468 784 473 811 112 50 266 860 984 836 846 595 284 882 281 545 112 937 203 900 369 591 420 660 855 145 509 409 244 847 723 670 856 902 549 604 968 327 244 994 412 167 751 612 519 494 123 612 747 866 673 676 220 389 802 271 581 999 825 323 952 97 0 657 677 680 110 858 606 380 730 418 363 652 579 703 338 76 588
137 584 414 229 63 502 323 78 228 491 170 937 324 863 155 995 560 751 489 285 373 310 936 378 110 265 883 649 209 179 901 221 543 851 977 330 846 742 253 223 831 666 480 975 402 936 759 67 119 118 596 252 746 738 262 138 793 303 651 792 885 809 420 190 889 317 823 117 918 417 910 422 635 954 976 324 712 604 126 967 730 805 625 143 0 706 940 364 932 698 794 908 403 272 879 735 614 802 331 509
120 457 436 717 268 509 434 251 421 188 360 341 849 768 768 63 378 902 180 436 662 279 238 718 936 494 918 965 639 924 128 396 256 236 949 173 822 625 158 409 211 605 618 108 224 85 588 100 707 889 181 594 440 397 756 709 232 251 81 910 923 148 877 174 283 356 751 604 544 188 556 462 569 282 429 835 684 371 84 520 801 203 964 290 427 0 812 625 172 323 628 921 963 816 623 294 693 617 417 924
493 760 452 196 463 341 137 767 52 592 447 838 419 150 537 361 279 380 881 331 899 119 612 759 783 840 232 649 381 485 283 165 664 592 877 366 808 418 380 631 675 932 291 626 892 201 212 317 973 638 674 705 172 896 185 952 804 253 519 964 508 720 848 761 280 607 933 618 201 981 739 557 80 576 937 569 201 345 437 433 251 413 98 586 713 914 0 577 599 766 904 288 538 368 800 55 822 209 206 146
284 653 50 578 288 996 905 326 150 449 892 733 938 939 551 294 51 974 853 759 805 359 839 476 700 145 703 693 732 406 171 339 976 356 60 915 411 198 71 330 197 363 322 926 136 363 571 402 108 685 471 893 538 720 916 204 873 408 62 134 705 660 922 402 400 716 897 813 105 225 113 630 489 884 397 902 656 917 890 989 228 718 295 240 176 53 873 0 904 819 160 511 855 640 874 841 626 172 164 432
552 262 348 98 59 487 943 830 622 225 89 115 179 253 897 772 403 195 645 646 290 303 979 569 178 784 137 265 833 443 761 331 370 355 904 584 481 790 390 390 468 448 680 998 562 811 884 569 428 963 583 819 607 813 289 102 610 306 814 686 629 909 314 560 185 167 797 101 553 797 646 622 664 641 211 370 176 158 660 877 57 449 490 794 377 921 725 276 0 677 568 484 399 210 489 250 358 298 462 554
739 779 215 984 968 763 840 191 800 214 606 716 468 188 112 695 898 794 188 638 831 170 562 207 121 531 592 173 268 589 355 529 222 79 600 934 400 309 636 870 177 374 548 189 750 639 952 394 711 562 422 249 531 81 445 147 989 575 180 475 427 575 237 723 746 397 679 644 715 118 916 478 137 965 892 847 271 197 173 987 280 812 400 750 904 996 226 809 929 0 603 927 944 502 979 243 848 946 804 943
100 857 722 438 595 568 495 404 945 64 535 797 499 954 144 903 283 142 386 497 811 548 765 913 915 261 141 498 660 316 110 913 144 642 851 873 113 729 299 874 185 828 77 694 567 126 987 66 426 319 873 272 232 437 663 822 481 135 881 577 886 68 584 599 328 622 112 648 153 470 245 904 131 938 622 907 729 927 591 921 614 144 877 479 497 637 379 998 350 205 0 669 283 585 457 171 532 552 539 311
996 820 668 693 766 77 297 912 267 432 637 595 323 257 199 78 241 504 698 456 459 823 360 632 937 355 419 327 106 255 964 804 716 607 356 382 926 647 386 666 626 578 392 487 919 626 752 507 265 864 945 412 579 234 975 603 61 362 83 265 171 849 961 64 130 551 764 392 107 291 193 389 526 133 136 396 876 306 976 308 589 170 58 613 669 418 847 779 545 658 331 0 821 814 459 549 101 316 184 456
492 507 976 369 860 220 517 279 957 434 530 720 364 942 837 243 847 740 529 943 662 463 934 965 852 677 912 874 133 423 912 294 319 310 667 708 997 705 693 319 350 459 812 667 982 978 209 673 62 881 86 346 826 540 899 603 591 684 843 174 684 155 925 252 510 148 920 723 763 195 320 367 734 91 340 339 605 644 91 885 755 493 925 538 508 456 105 219 934 889 883 606 0 816 73 867 141 554 56 906
693 449 301 455 55 843 386 990 184 717 928 296 228 97 386 761 496 720 112 734 115 553 624 522 546 621 801 627 755 497 917 108 209 852 618 282 420 966 933 756 467 506 643 98 870 509 916 674 411 148 476 871 601 408 896 965 905 228 665 761 528 858 359 948 841 204 853 754 197 415 116 322 406 186 156 483 400 975 812 959 541 719 334 713 264 727 831 332 885 87 337 468 526 0 934 284 450 89 553 895
517 790 671 528 323 474 923 373 981 699 643 378 919 60 553 77 275 418 773 762 511 415 583 678 494 160 694 271 940 253 652 993 93 481 263 716 806 593 860 946 802 793 879 210 112 394 574 759 581 776 815 78 767 248 562 838 590 974 759 635 438 646 963 800 109 416 138 269 779 388 147 50 884 699 955 128 651 632 128 237 756 295 709 855 703 935 897 577 219 448 572 64 196 246 0 950 606 908 783 52
370 744 714 73 912 707 870 169 440 702 611 761 179 254 126 739 334 265 496 94 457 978 842 261 80 514 110 68 423 549 258 235 732 520 425 743 445 897 841 645 502 850 265 85 904 289 263 664 142 292 353 396 955 545 838 633 726 384 523 269 980 62 887 239 372 454 985 212 704 804 289 204 703 654 686 421 820 803 864 62 677 219 251 726 259 412 773 113 344 397 460 511 190 88 908 0 829 990 827 119
426 852 289 335 701 433 355 846 172 454 873 306 895 270 912 830 387 880 286 95 856 676 172 633 196 592 105 191 997 126 488 457 70 577 597 844 157 988 976 627 185 143 376 674 635 473 597 583 114 640 238 504 886 724 487 759 894 772 738 462 748 531 252 604 908 721 985 402 496 984 831 873 198 227 961 65 903 589 643 288 89 920 733 709 75 822 567 500 397 541 362 781 612 842 495 563 0 632 555 626
691 588 785 245 441 112 88 887 117 882 166 543 599 873 103 310 873 368 390 73 577 780 311 598 424 296 400 609 765 217 838 155 368 949 94 177 669 722 738 843 337 949 939 914 103 757 313 440 518 622 570 493 113 313 716 438 940 240 377 828 930 746 862 146 713 405 446 284 193 198 834 55 382 795 945 840 577 205 447 218 891 364 182 463 738 124 56 288 675 828 259 868 69 456 471 90 384 0 602 901
554 314 918 788 676 482 117 276 876 394 501 614 264 945 497 410 278 229 268 711 385 712 887 323 874 697 315 588 481 922 52 381 529 519 397 999 658 319 474 591 708 702 963 792 232 244 508 137 730 940 149 269 183 998 187 51 932 124 543 832 645 479 862 421 949 93 83 649 344 619 909 111 247 625 357 734 811 446 770 335 632 697 764 292 634 557 576 640 162 612 151 137 482 412 389 203 369 849 0 339
181 625 749 121 771 465 907 195 664 530 521 567 555 498 882 537 633 569 868 443 136 639 76 801 163 157 187 357 383 104 268 128 981 569 442 383 251 419 908 315 853 418 750 439 312 347 667 799 483 930 718 974 758 590 655 289 815 563 175 794 426 524 408 913 855 459 836 866 726 320 534 691 792 580 115 470 924 808 56 242 217 460 905 684 167 181 390 778 524 61 58 492 252 484 461 982 140 733 373 0

Prize Vector:
93 64 71 86 99 84 32 24 47 53 35 63 77 53 44 54 25 67 54 1 100 98 80 15 91 88 39 13 19 11 81 65 49 33 39 8 46 64 18 55 38 99 13 56 79 8 45 98 37 73 50 98 4 13 93 50 52 56 6 90 29 90 45 36 42 68 36 62 78 74 28 41 73 45 44 95 9 81 33 67 57 98 54 78 37 85 39 5 5 12 61 18 15 23 100 61 67 49 21 40
Penalty Vector:
145 222 718 124 34 80 716 206 357 71 224 164 97 88 118 153 113 127 229 642 564 307 28 7 159 557 404 568 460 524 182 241 416 428 176 738 321 80 617 155 437 38 332 555 51 413 308 685 659 163 491 627 700 576 551 9 10 106 369 716 147 426 75 131 233 559 405 724 608 188 386 118 395 535 370 40 415 670 216 452 644 329 400 183 392 599 589 331 474 132 160 593 473 611 276 411 628 419 688 451
