Cost Matrix:
0 331 833 437 397 265 104 312 736 296 880 393 683 889 867 143 120 324 564 474
669 0 53 498 185 217 129 103 302 196 891 297 276 611 222 184 73 398 384 361
739 663 0 462 291 497 365 92 358 616 755 735 768 632 905 649 638 71 167 444
993 657 586 0 637 635 839 951 483 821 952 408 322 837 609 588 240 328 577 890
612 738 436 788 0 575 636 730 351 915 961 845 63 168 356 699 675 127 192 845
270 62 487 259 674 0 319 664 430 145 440 473 402 650 696 400 91 382 420 781
576 530 761 597 188 805 0 528 278 580 971 625 818 397 455 873 805 828 709 487
51 439 394 207 324 845 573 0 137 761 560 63 78 617 901 879 326 914 397 698
223 465 151 599 521 755 437 581 0 958 251 582 882 138 672 993 115 250 663 373
95 175 65 713 555 872 140 555 442 0 355 907 435 937 989 221 79 696 701 105
349 764 356 521 354 483 118 124 214 522 0 685 744 759 599 773 776 557 811 573
796 490 687 99 262 294 590 686 373 873 260 0 502 629 992 149 582 138 331 995
808 62 823 50 218 446 232 875 239 354 446 836 0 976 739 369 548 761 985 345
388 263 130 133 157 582 983 198 489 819 626 532 717 0 335 789 563 181 253 144
334 674 671 817 203 392 833 132 858 131 557 556 987 606 0 119 868 812 652 968
641 56 203 359 955 587 592 991 208 296 127 486 702 540 186 0 433 466 526 386
849 224 591 185 858 459 242 80 991 661 623 254 318 708 587 552 0 396 71 216
367 388 845 932 961 363 242 384 872 866 461 140 133 278 368 119 744 0 930 211
830 323 562 270 243 513 440 376 416 877 955 511 590 865 435 913 596 358 0 667
306 122 832 856 764 850 919 467 516 428 747 291 462 448 628 836 293 994 326 0

Prize Vector:
85 57 98 30 35 95 96 32 84 90 48 2 91 89 40 30 34 17 12 92
Penalty Vector:
297 28 583 101 110 148 361 236 713 536 467 481 422 165 297 379 46 656 169 320
